x: energy, y: token
------------------------- 1 -------------------------
Parameters Node { alpha: 0.5, x: 999.0, y: 1.0 } against Node { alpha: 0.5, x: 1.0, y: 999.0 }
Profits: [499.0, 498.00403, 496.5155, 494.54028, 492.08618, 489.16284, 485.78174, 481.9558, 477.69922, 473.0288, 467.96094, 462.51465, 456.70898, 450.56494, 444.10303, 437.3457, 430.31445, 423.0332, 415.52148, 407.80664, 399.90723, 391.84863, 383.6504, 375.33594, 366.92773, 358.44336, 349.90527, 341.33105, 332.74023, 324.14844, 315.57617, 307.03516, 298.54297, 290.11133, 281.75586, 273.48633, 265.31348, 257.24902, 249.30176, 241.47852, 233.79004, 226.23828, 218.83301, 211.5752, 204.47461, 197.53125, 190.7461, 184.125, 177.66797, 171.37695, 165.25195, 159.29297, 153.5, 147.8711, 142.41016, 137.10742, 131.96875, 126.98828, 122.166016, 117.49609, 112.978516, 108.61133, 104.390625, 100.31055, 96.37305, 92.57031, 88.90234, 85.36328, 81.953125, 78.66406, 75.49609, 72.44531, 69.50781, 66.67969, 63.95703, 61.339844, 58.820313, 56.40039, 54.072266, 51.835938, 49.683594, 47.61914, 45.634766, 43.73047, 41.90039, 40.14258, 38.45703, 36.839844, 35.289063, 33.79883, 32.36914, 31.0, 29.685547, 28.425781, 27.216797, 26.058594, 24.949219, 23.884766, 22.865234, 21.886719]
Prices: [1.0, 2.992016, 5.969124, 9.919518, 14.827626, 20.67422, 27.436573, 35.088715, 43.601482, 52.942978, 63.078487, 73.97128, 85.582085, 97.87037, 110.793724, 124.30856, 138.37051, 152.93478, 167.9554, 183.38745, 199.18504, 215.30374, 231.69827, 248.32622, 265.14554, 282.11252, 299.19064, 316.33838, 333.52142, 350.70148, 367.84946, 384.92865, 401.9148, 418.77582, 435.4886, 452.0296, 468.37292, 484.50308, 500.39786, 516.04236, 531.4233, 546.52277, 561.33624, 575.8458, 590.0552, 603.9449, 617.5071, 630.75085, 643.6644, 656.2482, 668.49493, 680.4197, 691.99994, 703.2505, 714.1867, 724.78094, 735.05896, 745.0252, 754.6768, 764.00586, 773.0382, 781.77374, 790.2331, 798.37897, 806.26843, 813.85626, 821.199, 828.2584, 835.106, 841.669, 847.99146, 854.08936, 859.99084, 865.6307, 871.07166, 876.31116, 881.3347, 886.20636, 890.8475, 895.33374, 899.62054, 903.75183, 907.7229, 911.5522, 915.2136, 918.6901, 922.05426, 925.2988, 928.4705, 931.42285, 934.25555, 936.9842, 939.61456, 942.1732, 944.55817, 946.8576, 949.1058, 951.19604, 953.3175, 955.2105]
Qtys: [-499.0, -166.4443, -83.18063, -49.85527, -33.18712, -23.660522, -17.705627, -13.735352, -10.956032, -8.934685, -7.418709, -6.2526245, -5.336502, -4.603691, -4.008377, -3.5182266, -3.109871, -2.7661018, -2.473999, -2.2237434, -2.0077171, -1.8199806, -1.6558189, -1.5114632, -1.383873, -1.2705688, -1.1695061, -1.0790062, -0.9976578, -0.9242859, -0.8578949, -0.79764175, -0.74280167, -0.69276047, -0.6469879, -0.6050186, -0.56645775, -0.53095436, -0.4982071, -0.4679432, -0.43993187, -0.4139595, -0.389843, -0.36741638, -0.34653473, -0.32706833, -0.30889702, -0.291914, -0.27602577, -0.26114655, -0.24720001, -0.23410988, -0.22182083, -0.21026802, -0.19940186, -0.18917084, -0.17953491, -0.1704483, -0.16187859, -0.15378952, -0.14614868, -0.13892937, -0.13210106, -0.12564278, -0.119529724, -0.11374283, -0.1082592, -0.10306358, -0.098134995, -0.09346199, -0.08902931, -0.0848217, -0.0808239, -0.07703018, -0.073423386, -0.06999779, -0.066740036, -0.0636425, -0.060697556, -0.05789566, -0.05522728, -0.052690506, -0.050273895, -0.047973633, -0.04578209, -0.04369545, -0.041707993, -0.039813995, -0.038007736, -0.036287308, -0.034646988, -0.03308487, -0.031593323, -0.03017044, -0.028814316, -0.027521133, -0.026287079, -0.025110245, -0.023984909, -0.02291298]
-------------------------- Net Profits 21370.258 --------------------------
------------------------- 2 -------------------------
Parameters Node { alpha: 0.5, x: 999.0, y: 100.0 } against Node { alpha: 0.5, x: 1.0, y: 999.0 }
Profits: [498.9505, 498.03656, 496.71155, 494.97937, 492.84595, 490.31836, 487.40454, 484.1145, 480.458, 476.44678, 472.09326, 467.4121, 462.41602, 457.12012, 451.54053, 445.69287, 439.59375, 433.26074, 426.70996, 419.95898, 413.0244, 405.9248, 398.67773, 391.2998, 383.80664, 376.21582, 368.54492, 360.80762, 353.0205, 345.19727, 337.35352, 329.50195, 321.65625, 313.83008, 306.03223, 298.27637, 290.57227, 282.93066, 275.36035, 267.8672, 260.4629, 253.1543, 245.94531, 238.84375, 231.85352, 224.98242, 218.23242, 211.60742, 205.11328, 198.74805, 192.51758, 186.42188, 180.46289, 174.64258, 168.95898, 163.41602, 158.01172, 152.7461, 147.61719, 142.625, 137.76953, 133.04883, 128.46289, 124.00586, 119.67969, 115.48242, 111.41016, 107.46094, 103.63281, 99.92383, 96.33203, 92.853516, 89.48828, 86.23242, 83.08203, 80.03516, 77.0918, 74.24414, 71.49414, 68.83789, 66.27344, 63.79492, 61.40625, 59.097656, 56.871094, 54.726563, 52.654297, 50.658203, 48.73047, 46.875, 45.085938, 43.36328, 41.70117, 40.101563, 38.560547, 37.07422, 35.64453, 34.26953, 32.94336, 31.667969]
Prices: [1.099, 2.926671, 5.5770416, 9.041334, 13.308136, 18.36346, 24.19087, 30.771563, 38.084526, 46.106583, 54.812737, 64.176254, 74.16863, 84.75999, 95.919304, 107.61445, 119.812256, 132.47908, 145.58095, 159.08322, 172.95053, 187.1488, 201.64342, 216.40102, 231.38591, 246.56604, 261.90942, 277.38412, 292.95984, 308.60526, 324.29245, 339.99582, 355.6856, 371.3407, 386.93558, 402.44666, 417.85355, 433.1391, 448.2814, 463.26447, 478.07578, 492.69733, 507.11505, 521.3147, 535.29034, 549.0341, 562.5342, 575.7841, 588.77423, 601.50555, 613.969, 626.1612, 638.07587, 649.7148, 661.0783, 672.1667, 682.9818, 693.51495, 703.7666, 713.7417, 723.45215, 732.8995, 742.0841, 750.9909, 759.64435, 768.03894, 776.18475, 784.08575, 791.7326, 799.1467, 806.33704, 813.2776, 820.02325, 826.5347, 832.83453, 838.9274, 844.8289, 850.51044, 856.0031, 861.3164, 866.44977, 871.3991, 876.1855, 880.7832, 885.2453, 889.5514, 893.6878, 897.7046, 901.51025, 905.2601, 908.83984, 912.3133, 915.5921, 918.7942, 921.9222, 924.8058, 927.6744, 930.45593, 933.1069, 935.6515]
Qtys: [-454.0041, -170.17169, -89.06363, -54.746277, -37.033432, -26.70076, -20.148285, -15.732529, -12.61557, -10.333595, -8.612839, -7.2832565, -6.2346573, -5.393112, -4.7075043, -4.141571, -3.6690216, -3.2704086, -2.9310837, -2.6398697, -2.3881073, -2.168995, -1.9771423, -1.8082161, -1.6587296, -1.5258217, -1.4071465, -1.3007507, -1.2050133, -1.1185722, -1.0402756, -0.9691353, -0.9043274, -0.8451271, -0.7909126, -0.74115753, -0.6953926, -0.6532097, -0.6142578, -0.57821655, -0.54481506, -0.513813, -0.48498917, -0.4581566, -0.433136, -0.4097786, -0.38794518, -0.36751175, -0.3483734, -0.33041763, -0.3135624, -0.29772186, -0.28282356, -0.26879883, -0.2555809, -0.24311829, -0.23135567, -0.22024918, -0.20975304, -0.1998272, -0.1904335, -0.18153763, -0.17311096, -0.16512299, -0.157547, -0.1503601, -0.14353561, -0.13705254, -0.1308937, -0.12503815, -0.11946869, -0.11417198, -0.10912895, -0.10433006, -0.09975815, -0.095401764, -0.09125137, -0.087293625, -0.08352089, -0.07992172, -0.076488495, -0.07320976, -0.07008362, -0.06709671, -0.06424332, -0.06152153, -0.058918, -0.056430817, -0.05405426, -0.0517807, -0.04960823, -0.047531128, -0.045545578, -0.04364586, -0.04182625, -0.040088654, -0.03842354, -0.036830902, -0.035305023, -0.0338459]
-------------------------- Net Profits 23094.396 --------------------------
------------------------- 3 -------------------------
Parameters Node { alpha: 0.5, x: 999.0, y: 200.0 } against Node { alpha: 0.5, x: 1.0, y: 999.0 }
Profits: [498.9005, 498.04602, 496.8391, 495.28296, 493.38208, 491.1416, 488.5681, 485.6682, 482.45068, 478.92383, 475.09766, 470.98096, 466.58594, 461.92383, 457.00586, 451.8452, 446.45313, 440.8457, 435.0332, 429.0293, 422.8496, 416.5078, 410.01563, 403.3877, 396.63867, 389.78223, 382.8291, 375.79492, 368.6914, 361.53223, 354.32813, 347.0918, 339.83398, 332.5664, 325.30078, 318.04492, 310.8086, 303.60352, 296.43555, 289.31445, 282.24805, 275.2422, 268.3047, 261.4414, 254.66016, 247.96289, 241.35547, 234.8457, 228.4336, 222.12305, 215.91797, 209.82227, 203.83594, 197.96484, 192.20703, 186.5664, 181.04297, 175.63672, 170.34766, 165.17969, 160.13281, 155.19922, 150.38867, 145.69336, 141.11719, 136.65625, 132.31055, 128.08008, 123.96094, 119.95117, 116.052734, 112.26172, 108.578125, 105.0, 101.52344, 98.146484, 94.86914, 91.68945, 88.60547, 85.61133, 82.71094, 79.89844, 77.17578, 74.5332, 71.97461, 69.49805, 67.09961, 64.77734, 62.529297, 60.353516, 58.25, 56.214844, 54.246094, 52.341797, 50.5, 48.720703, 47.0, 45.33789, 43.73047, 42.177734]
Prices: [1.199, 2.9078472, 5.3218784, 8.434238, 12.236134, 16.716858, 21.86391, 27.663008, 34.09819, 41.151943, 48.80534, 57.037804, 65.82782, 75.15262, 84.98827, 95.310234, 106.09261, 117.30992, 128.93517, 140.9409, 153.29991, 165.98564, 178.96913, 192.22395, 205.72205, 219.43744, 233.34183, 247.41039, 261.61636, 275.93674, 290.34363, 304.8165, 319.33127, 333.86548, 348.39948, 362.91193, 377.38123, 391.7939, 406.1294, 420.37085, 434.5047, 448.5152, 462.38907, 476.1148, 489.68393, 503.0763, 516.28656, 529.3135, 542.1389, 554.7553, 567.16736, 579.3578, 591.3236, 603.06903, 614.58234, 625.8688, 636.9183, 647.72327, 658.29755, 668.6359, 678.7426, 688.594, 698.22424, 707.6053, 716.7663, 725.68854, 734.3803, 742.852, 751.08325, 759.0976, 766.89, 774.471, 781.846, 789.0132, 795.96124, 802.7116, 809.2471, 815.6175, 821.78674, 827.76984, 833.56116, 839.1889, 844.65466, 849.9405, 855.0387, 860.0121, 864.80786, 869.4379, 873.9433, 878.2787, 882.49945, 886.559, 890.52124, 894.3189, 897.997, 901.55225, 905.0072, 908.33093, 911.5522, 914.60333]
Qtys: [-416.09717, -171.27655, -93.35785, -58.7229, -40.32173, -29.38002, -22.345871, -17.556595, -14.148865, -11.637939, -9.734543, -8.257347, -7.0879745, -6.1464767, -5.377281, -4.7407837, -4.208145, -3.7579575, -3.3740463, -3.0440369, -2.758316, -2.5093002, -2.290985, -2.0985298, -1.9280319, -1.7762794, -1.6406364, -1.5189133, -1.4092827, -1.3101997, -1.2203751, -1.138691, -1.0642052, -0.996109, -0.93370056, -0.8763695, -0.82359314, -0.77490616, -0.7299042, -0.68823624, -0.6495857, -0.61367416, -0.5802574, -0.5491142, -0.52005005, -0.49289322, -0.46748352, -0.4436798, -0.4213562, -0.40039825, -0.38069534, -0.36216354, -0.3447113, -0.32826233, -0.31274414, -0.2980919, -0.28424835, -0.27116013, -0.25877, -0.2470398, -0.23592567, -0.22538567, -0.21538734, -0.20589638, -0.19688034, -0.18831253, -0.18016624, -0.17241669, -0.16504288, -0.15801811, -0.15132904, -0.14495277, -0.13887405, -0.13307762, -0.12754822, -0.12226868, -0.11723137, -0.11241722, -0.10782051, -0.10342407, -0.099226, -0.09520912, -0.09136963, -0.08769226, -0.08417702, -0.08081055, -0.077589035, -0.07450485, -0.07154846, -0.06871796, -0.06600571, -0.0634079, -0.060914993, -0.058526993, -0.056236267, -0.05404091, -0.05193329, -0.049913406, -0.047973633, -0.046115875]
-------------------------- Net Profits 24609.398 --------------------------
------------------------- 4 -------------------------
Parameters Node { alpha: 0.5, x: 999.0, y: 300.0 } against Node { alpha: 0.5, x: 1.0, y: 999.0 }
Profits: [498.85052, 498.0407, 496.92224, 495.4983, 493.77197, 491.7478, 489.43066, 486.82617, 483.94043, 480.78076, 477.3545, 473.66943, 469.73438, 465.5581, 461.1504, 456.521, 451.6792, 446.63672, 441.4043, 435.9922, 430.41016, 424.67188, 418.7881, 412.76855, 406.625, 400.37012, 394.01367, 387.5664, 381.04102, 374.4463, 367.792, 361.09082, 354.35156, 347.58398, 340.79688, 334.00195, 327.20313, 320.4121, 313.63672, 306.88477, 300.16016, 293.4746, 286.83398, 280.24023, 273.70313, 267.22852, 260.8164, 254.47656, 248.21484, 242.02734, 235.92578, 229.91016, 223.98047, 218.14453, 212.40234, 206.75781, 201.20703, 195.75977, 190.41211, 185.16797, 180.02344, 174.98438, 170.05078, 165.21875, 160.49023, 155.86719, 151.34766, 146.93164, 142.61719, 138.40625, 134.29297, 130.2832, 126.37305, 122.55859, 118.84375, 115.2207, 111.69336, 108.26172, 104.91797, 101.66406, 98.5, 95.42383, 92.42969, 89.521484, 86.69336, 83.947266, 81.27734, 78.6875, 76.16992, 73.72656, 71.353516, 69.05469, 66.82031, 64.6543, 62.554688, 60.51758, 58.54297, 56.626953, 54.76953, 52.970703]
Prices: [1.2989999, 2.9187152, 5.1554074, 8.003526, 11.456019, 15.504386, 20.138723, 25.347738, 31.118877, 37.4383, 44.291027, 51.66105, 59.53121, 67.8835, 76.699036, 85.958176, 95.64061, 105.72528, 116.191124, 127.016205, 138.17824, 149.65475, 161.42438, 173.46295, 185.74837, 198.25952, 210.9729, 223.86646, 236.9189, 250.10918, 263.41525, 276.81683, 290.2957, 303.83087, 317.4042, 330.99808, 344.59427, 358.1762, 371.72598, 385.23386, 398.67648, 412.04993, 425.33633, 438.51877, 451.59354, 464.5474, 477.3643, 490.04263, 502.57614, 514.9463, 527.15204, 539.18506, 551.03644, 562.7143, 574.19226, 585.48737, 596.57764, 607.47723, 618.1779, 628.6675, 638.94806, 649.0245, 658.90845, 668.56696, 678.0157, 687.25964, 696.30707, 705.14703, 713.7639, 722.19525, 730.40576, 738.4264, 746.25916, 753.8864, 761.3249, 768.5602, 775.6018, 782.48004, 789.1659, 795.67163, 801.9873, 808.1538, 814.1353, 819.95496, 825.6096, 831.0997, 836.4295, 841.64496, 846.654, 851.5399, 856.27484, 860.90607, 865.335, 869.67883, 873.9021, 877.9855, 881.9429, 885.7579, 889.45013, 893.0447]
Qtys: [-384.0266, -170.63696, -96.38855, -61.910004, -43.101532, -31.71669, -24.302963, -19.205902, -15.551346, -12.841949, -10.777679, -9.168793, -7.8905563, -6.8581924, -6.0124664, -5.3109665, -4.7226715, -4.2245026, -3.7989502, -3.4325714, -3.114891, -2.837677, -2.5943298, -2.3795776, -2.1891174, -2.0194244, -1.8676033, -1.7312393, -1.6083183, -1.4971313, -1.396244, -1.3044395, -1.2206573, -1.1440048, -1.0737, -1.0090752, -0.94953156, -0.8945656, -0.8437309, -0.7966194, -0.75289154, -0.7122307, -0.6743698, -0.639061, -0.6060829, -0.5752449, -0.54636765, -0.51929474, -0.49388504, -0.47000504, -0.4475479, -0.42640305, -0.40647125, -0.3876648, -0.369915, -0.35313797, -0.33726883, -0.32225037, -0.30802155, -0.2945404, -0.28174973, -0.26961136, -0.25807953, -0.24712372, -0.23670578, -0.2267952, -0.21735764, -0.20837021, -0.19981003, -0.19164658, -0.18386078, -0.17643356, -0.16934204, -0.16256905, -0.15610123, -0.1499176, -0.14400864, -0.13835716, -0.13294792, -0.12777138, -0.1228199, -0.118076324, -0.11353111, -0.10917854, -0.105005264, -0.10100746, -0.09717178, -0.09349251, -0.08996582, -0.08658028, -0.083330154, -0.08021164, -0.07721901, -0.07434273, -0.07158089, -0.068927765, -0.06637955, -0.06393051, -0.061576843, -0.059314728]
-------------------------- Net Profits 25941.098 --------------------------
------------------------- 5 -------------------------
Parameters Node { alpha: 0.5, x: 999.0, y: 400.0 } against Node { alpha: 0.5, x: 1.0, y: 999.0 }
Profits: [498.80054, 498.0254, 496.97595, 495.65466, 494.06445, 492.20898, 490.0918, 487.71826, 485.09277, 482.2207, 479.1089, 475.76367, 472.1919, 468.4004, 464.39795, 460.1919, 455.79004, 451.20215, 446.43555, 441.5, 436.40527, 431.15918, 425.77344, 420.25488, 414.61426, 408.86035, 403.00293, 397.05176, 391.01563, 384.90332, 378.7246, 372.48926, 366.2041, 359.87793, 353.51855, 347.13672, 340.73828, 334.33203, 327.92188, 321.51953, 315.12695, 308.75586, 302.40625, 296.08984, 289.81055, 283.57227, 277.38086, 271.24023, 265.15625, 259.1328, 253.17188, 247.2793, 241.45703, 235.70898, 230.03711, 224.44336, 218.9336, 213.5039, 208.16211, 202.9043, 197.73828, 192.65625, 187.66797, 182.77148, 177.9668, 173.25195, 168.63086, 164.10156, 159.66406, 155.32031, 151.06836, 146.9082, 142.83984, 138.85938, 134.9707, 131.16992, 127.46094, 123.83594, 120.30078, 116.84766, 113.48047, 110.19531, 106.99219, 103.87109, 100.83008, 97.865234, 94.97656, 92.166016, 89.427734, 86.76172, 84.16797, 81.64453, 79.19141, 76.80078, 74.478516, 72.21875, 70.02344, 67.890625, 65.81641, 63.802734]
Prices: [1.399, 2.9493723, 5.048083, 7.690496, 10.870801, 14.582038, 18.816114, 23.56386, 28.81505, 34.558464, 40.782055, 47.472637, 54.616394, 62.198654, 70.2042, 78.6167, 87.41996, 96.59653, 106.128845, 115.99896, 126.1891, 136.67989, 147.45377, 158.49037, 169.77242, 181.27928, 192.99379, 204.89687, 216.9689, 229.19234, 241.5493, 254.02205, 266.5928, 279.24496, 291.9609, 304.72528, 317.52335, 330.33987, 343.15646, 355.96387, 368.74576, 381.49203, 394.18417, 406.81665, 419.3785, 431.85657, 444.2378, 456.5177, 468.68716, 480.73395, 492.65472, 504.44177, 516.0869, 527.58044, 538.9235, 550.11017, 561.13306, 571.98535, 582.6788, 593.1898, 603.52905, 613.6833, 623.6582, 633.4525, 643.0718, 652.49567, 661.7402, 670.7974, 679.6735, 688.36816, 696.8689, 705.1895, 713.32574, 721.28625, 729.0548, 736.65125, 744.0846, 751.33307, 758.40814, 765.3136, 772.0394, 778.6054, 785.0027, 791.247, 797.3454, 803.2683, 809.0445, 814.67334, 820.14215, 825.466, 830.66516, 835.71356, 840.6379, 845.38586, 850.0379, 854.55054, 858.95154, 863.22546, 867.3743, 871.41504]
Qtys: [-356.54077, -168.8581, -98.448456, -64.45029, -45.44876, -33.75447, -26.046387, -20.697723, -16.834702, -13.953766, -11.748032, -10.021851, -8.645607, -7.530716, -6.6149597, -5.853615, -5.2137985, -4.6709976, -4.206543, -3.8060684, -3.4583435, -3.1545181, -2.8875046, -2.6516113, -2.4421768, -2.2554169, -2.0881653, -1.9378128, -1.8021736, -1.67939, -1.5678978, -1.4663658, -1.3736458, -1.2887535, -1.2108421, -1.1391792, -1.0731125, -1.012085, -0.95560455, -0.9032364, -0.85459137, -0.8093376, -0.76716995, -0.72782135, -0.69104767, -0.6566353, -0.6243973, -0.59415054, -0.5657425, -0.5390358, -0.5138931, -0.49020386, -0.46786118, -0.44677353, -0.42684555, -0.40799713, -0.39016342, -0.37326813, -0.3572502, -0.34205627, -0.32763672, -0.31393433, -0.30091476, -0.28853226, -0.27674484, -0.265522, -0.2548294, -0.24463654, -0.23491287, -0.22563553, -0.21678162, -0.20832443, -0.2002449, -0.19251633, -0.18513107, -0.17806244, -0.17129898, -0.16482162, -0.15862274, -0.15267944, -0.14698792, -0.14152908, -0.13629532, -0.13127518, -0.12645721, -0.1218338, -0.11739349, -0.11313248, -0.10903931, -0.105106354, -0.10132599, -0.0976944, -0.09420395, -0.090847015, -0.087617874, -0.0845108, -0.08152199, -0.07864761, -0.07588005, -0.07321739]
-------------------------- Net Profits 27122.246 --------------------------
------------------------- 6 -------------------------
Parameters Node { alpha: 0.5, x: 999.0, y: 500.0 } against Node { alpha: 0.5, x: 1.0, y: 999.0 }
Profits: [498.7505, 498.00305, 497.0089, 495.77026, 494.28906, 492.56836, 490.61182, 488.42334, 486.00684, 483.3667, 480.5088, 477.43848, 474.16016, 470.68164, 467.0083, 463.14697, 459.1045, 454.88867, 450.50586, 445.96484, 441.27148, 436.43555, 431.46484, 426.36523, 421.14648, 415.8164, 410.3828, 404.85352, 399.23633, 393.54102, 387.77344, 381.94336, 376.0547, 370.11914, 364.14258, 358.1328, 352.09375, 346.03516, 339.96484, 333.88477, 327.8047, 321.72852, 315.66602, 309.61914, 303.59375, 297.59375, 291.62695, 285.69727, 279.8047, 273.96094, 268.16406, 262.41797, 256.72852, 251.09766, 245.5293, 240.02344, 234.58789, 229.2207, 223.92383, 218.70117, 213.55273, 208.48242, 203.48633, 198.57227, 193.73828, 188.98633, 184.31445, 179.72656, 175.21875, 170.79688, 166.45313, 162.19922, 158.02344, 153.9336, 149.92578, 146.0, 142.15625, 138.39453, 134.71484, 131.11328, 127.5918, 124.15039, 120.78516, 117.49609, 114.28516, 111.14844, 108.08594, 105.09766, 102.177734, 99.33008, 96.55469, 93.8457, 91.20508, 88.62891, 86.12109, 83.67578, 81.291016, 78.96875, 76.708984, 74.50391]
Prices: [1.4989998, 2.993881, 4.982166, 7.459903, 10.422183, 13.863164, 17.77609, 22.153337, 26.986403, 32.265934, 37.98197, 44.123592, 50.6792, 57.636875, 64.98362, 72.70611, 80.790596, 89.22272, 97.98761, 107.07064, 116.45599, 126.128296, 136.07185, 146.2705, 156.70789, 167.36853, 178.2361, 189.29395, 200.52615, 211.91753, 223.45232, 235.11493, 246.8882, 258.7603, 270.7147, 282.73734, 294.8133, 306.92905, 319.07452, 331.23132, 343.39023, 355.53906, 367.6681, 379.76456, 391.81604, 403.81186, 415.74628, 427.6104, 439.38995, 451.082, 462.67596, 474.1644, 485.5443, 496.80548, 507.94327, 518.9465, 529.8257, 540.56165, 551.1557, 561.6026, 571.8941, 582.0403, 592.02594, 601.84906, 611.5198, 621.0326, 630.37427, 639.55695, 648.56323, 657.4169, 666.0869, 674.60297, 682.94806, 691.13776, 699.1522, 707.0053, 714.6771, 722.206, 729.56696, 736.77515, 743.82153, 750.7042, 757.43616, 764.00586, 770.43585, 776.6939, 782.8392, 788.80865, 794.6504, 800.3315, 805.8849, 811.3013, 816.58746, 821.72797, 826.7827, 831.6627, 836.406, 841.0671, 845.5826, 849.97614]
Qtys: [-332.72217, -166.3403, -99.7576, -66.45801, -47.426636, -35.53073, -27.599533, -22.047394, -18.009323, -14.980713, -12.65097, -10.82048, -9.35611, -8.166328, -7.186554, -6.370125, -5.6826477, -5.0983505, -4.59758, -4.165146, -3.7891693, -3.4602509, -3.1708603, -2.9149094, -2.6874619, -2.484436, -2.3024673, -2.1387558, -1.9909439, -1.857048, -1.7353745, -1.6244965, -1.5231781, -1.4303551, -1.3451157, -1.2666626, -1.194294, -1.1274109, -1.0654716, -1.0080109, -0.95461273, -0.9049034, -0.85856247, -0.81529236, -0.7748375, -0.73696136, -0.70145416, -0.66812515, -0.6368027, -0.60734177, -0.57959366, -0.55343246, -0.52874374, -0.5054245, -0.48337936, -0.4625206, -0.44276428, -0.42404175, -0.40628052, -0.38942337, -0.3734131, -0.35819244, -0.34371185, -0.32993698, -0.31681442, -0.30430984, -0.29238892, -0.2810173, -0.2701645, -0.25979996, -0.249897, -0.24043655, -0.23138428, -0.22272491, -0.21443939, -0.20650482, -0.19890976, -0.1916275, -0.18465042, -0.17795563, -0.17153549, -0.16537857, -0.15946579, -0.15378952, -0.14833832, -0.14310455, -0.13806915, -0.13323593, -0.128582, -0.124111176, -0.11981201, -0.115673065, -0.11169052, -0.10785675, -0.10416412, -0.10061264, -0.09719086, -0.093891144, -0.090717316, -0.087654114]
-------------------------- Net Profits 28177.797 --------------------------
------------------------- 7 -------------------------
Parameters Node { alpha: 0.5, x: 999.0, y: 600.0 } against Node { alpha: 0.5, x: 1.0, y: 999.0 }
Profits: [498.70044, 497.9757, 497.02698, 495.85547, 494.46338, 492.85376, 491.02905, 488.99268, 486.74805, 484.29883, 481.6499, 478.80518, 475.7705, 472.5498, 469.1499, 465.5747, 461.83203, 457.92676, 453.86523, 449.65332, 445.2998, 440.8086, 436.1875, 431.44336, 426.58398, 421.61523, 416.54492, 411.37988, 406.12598, 400.792, 395.3838, 389.90723, 384.37012, 378.78027, 373.14355, 367.4629, 361.75, 356.0078, 350.2461, 344.46484, 338.67188, 332.87695, 327.08008, 321.28906, 315.5078, 309.7422, 303.9961, 298.27344, 292.58008, 286.91992, 281.29492, 275.70898, 270.16602, 264.66992, 259.22266, 253.82813, 248.48828, 243.20703, 237.98438, 232.82031, 227.72461, 222.69336, 217.72656, 212.83203, 208.0039, 203.24805, 198.56445, 193.95313, 189.41797, 184.95313, 180.5664, 176.2539, 172.01563, 167.85352, 163.76758, 159.75781, 155.82227, 151.96289, 148.17773, 144.46875, 140.83398, 137.27148, 133.7832, 130.36719, 127.02344, 123.75391, 120.55078, 117.41992, 114.35742, 111.36328, 108.4375, 105.578125, 102.7832, 100.052734, 97.38672, 94.7832, 92.240234, 89.759766, 87.33789, 84.97656]
Prices: [1.5989997, 3.0484633, 4.946368, 7.2892838, 10.072984, 13.29248, 16.942038, 21.015171, 25.50466, 30.402658, 35.70061, 41.389423, 47.4593, 53.899857, 60.700516, 67.84977, 75.33602, 83.14707, 91.27023, 99.69309, 108.40218, 117.38417, 126.62561, 136.11256, 145.83139, 155.76839, 165.90964, 176.24036, 186.74725, 197.41605, 208.23369, 219.18538, 230.25877, 241.43971, 252.71489, 264.07202, 275.49814, 286.98087, 298.5113, 310.07065, 321.65207, 333.2469, 344.8387, 356.42072, 367.98248, 379.51416, 391.00513, 402.4489, 413.83725, 425.16074, 436.41266, 447.58423, 458.66757, 469.66113, 480.55374, 491.34216, 502.0247, 512.5886, 523.0361, 533.3559, 543.5516, 553.6163, 563.54376, 573.3377, 582.98914, 592.5032, 601.8671, 611.08685, 620.1654, 629.08685, 637.86975, 646.4888, 654.9626, 663.2869, 671.46344, 679.4878, 687.3506, 695.0754, 702.65015, 710.0573, 717.3432, 724.4649, 731.4423, 738.2639, 744.94806, 751.4963, 757.9064, 764.155, 770.2891, 776.2708, 782.12244, 787.8582, 793.42737, 798.8859, 804.2258, 809.42267, 814.5055, 819.4889, 824.30615, 829.0631]
Qtys: [-311.88275, -163.35303, -100.483215, -68.02527, -49.088074, -37.077637, -28.98288, -23.268555, -19.084671, -15.929489, -13.491364, -11.568298, -10.024811, -8.767181, -7.7289276, -6.861847, -6.130295, -5.507431, -4.972763, -4.510376, -4.107849, -3.7552643, -3.4447021, -3.169754, -2.9251862, -2.7066803, -2.5106735, -2.334198, -2.174736, -2.0301895, -1.8987503, -1.7788925, -1.6692963, -1.56884, -1.4765396, -1.3915253, -1.313076, -1.2405281, -1.1733093, -1.1109238, -1.0529137, -0.9988899, -0.9485016, -0.90143204, -0.857399, -0.8161545, -0.77747345, -0.7411461, -0.7069931, -0.67485046, -0.64456177, -0.6159935, -0.5890236, -0.5635338, -0.5394249, -0.51660156, -0.49497223, -0.47446823, -0.45500565, -0.43651962, -0.41895676, -0.4022522, -0.38635254, -0.37121582, -0.35678864, -0.34303284, -0.3299141, -0.31739044, -0.30543137, -0.29400253, -0.28307724, -0.2726326, -0.26263428, -0.2530632, -0.24389648, -0.23511505, -0.22669983, -0.21862793, -0.2108841, -0.2034607, -0.19632721, -0.18947983, -0.18290329, -0.17658615, -0.17051315, -0.16467667, -0.15905762, -0.15365982, -0.14846039, -0.14345932, -0.13864517, -0.1340065, -0.1295433, -0.12524033, -0.12109375, -0.11709976, -0.11324692, -0.1095314, -0.10595322, -0.1024971]
-------------------------- Net Profits 29127.172 --------------------------
------------------------- 8 -------------------------
Parameters Node { alpha: 0.5, x: 999.0, y: 700.0 } against Node { alpha: 0.5, x: 1.0, y: 999.0 }
Profits: [498.6505, 497.9447, 497.03345, 495.9182, 494.60083, 493.08325, 491.36865, 489.45898, 487.3579, 485.06885, 482.59473, 479.94043, 477.10938, 474.10645, 470.93652, 467.60352, 464.11426, 460.4707, 456.68164, 452.75, 448.68457, 444.48828, 440.16895, 435.73047, 431.1797, 426.52344, 421.76758, 416.91797, 411.98047, 406.9629, 401.86914, 396.70605, 391.48047, 386.1963, 380.86133, 375.48047, 370.06055, 364.60547, 359.1211, 353.61328, 348.08984, 342.55078, 337.0039, 331.45313, 325.90625, 320.36328, 314.83008, 309.31055, 303.81055, 298.33203, 292.88086, 287.45703, 282.06836, 276.7129, 271.39844, 266.125, 260.89844, 255.71484, 250.58203, 245.5039, 240.47656, 235.5039, 230.58984, 225.73828, 220.9414, 216.21094, 211.54297, 206.9375, 202.39844, 197.92578, 193.51953, 189.17969, 184.91016, 180.70898, 176.57617, 172.51172, 168.51563, 164.58984, 160.73438, 156.94922, 153.23047, 149.58203, 146.00195, 142.49023, 139.04688, 135.67188, 132.36133, 129.11914, 125.94141, 122.83008, 119.7832, 116.80078, 113.87891, 111.02344, 108.22656, 105.49219, 102.81641, 100.20117, 97.64258, 95.14453]
Prices: [1.6990001, 3.1106012, 4.93316, 7.1636605, 9.798416, 12.833094, 16.26274, 20.081726, 24.283913, 28.862497, 33.81018, 39.119072, 44.780807, 50.786602, 57.12717, 63.792698, 70.77335, 78.05828, 85.636955, 93.498215, 101.630974, 110.023285, 118.66372, 127.54008, 136.64012, 145.9523, 155.46404, 165.16284, 175.03705, 185.07452, 195.2624, 205.58778, 216.04106, 226.60722, 237.27823, 248.03935, 258.88022, 269.78873, 280.75607, 291.7698, 302.82202, 313.8987, 324.992, 336.09042, 347.18973, 358.27594, 369.3414, 380.37738, 391.37903, 402.3354, 413.23926, 424.08203, 434.86395, 445.5717, 456.20108, 466.74564, 477.20792, 487.57047, 497.83307, 507.99496, 518.0505, 527.9915, 537.81525, 547.5299, 557.1119, 566.57434, 575.91956, 585.1239, 594.2026, 603.1533, 611.96405, 620.63324, 629.1774, 637.58295, 645.8544, 653.9734, 661.9618, 669.81665, 677.52936, 685.105, 692.5356, 699.83997, 707.0017, 714.0146, 720.90314, 727.6694, 734.2813, 740.76575, 747.10986, 753.3379, 759.43713, 765.4082, 771.2274, 776.95953, 782.5388, 788.02454, 793.3566, 798.5874, 803.7056, 808.71466]
Qtys: [-293.49646, -160.0799, -100.75357, -69.22693, -50.47763, -38.42279, -30.214386, -24.373352, -20.069168, -16.806198, -14.273651, -12.268707, -10.654327, -9.335266, -8.243652, -7.3300476, -6.5577545, -5.899063, -5.3327637, -4.8423386, -4.4148407, -4.0399475, -3.709381, -3.41642, -3.1555862, -2.922348, -2.7129593, -2.5242844, -2.3536758, -2.1989136, -2.0580978, -1.9296188, -1.8120651, -1.7042542, -1.6051254, -1.513794, -1.4294662, -1.351448, -1.2791214, -1.2119598, -1.1494865, -1.0912781, -1.0369606, -0.98620224, -0.9386978, -0.8941803, -0.85240936, -0.8131676, -0.77625656, -0.74150085, -0.70874405, -0.67783356, -0.64863586, -0.6210289, -0.59490967, -0.57017136, -0.5467186, -0.52446747, -0.5033455, -0.48328018, -0.46419525, -0.4460373, -0.4287529, -0.41228485, -0.39658356, -0.38161087, -0.36731339, -0.3536644, -0.34062195, -0.3281517, -0.31622696, -0.3048172, -0.2938919, -0.2834282, -0.27339935, -0.26379013, -0.25457, -0.24572372, -0.23723602, -0.22908783, -0.22126007, -0.21373749, -0.20650864, -0.19956207, -0.19287872, -0.18644714, -0.1802597, -0.17430496, -0.16857147, -0.16304779, -0.15772629, -0.15259933, -0.1476593, -0.14289474, -0.13830185, -0.13386917, -0.12959671, -0.12547302, -0.12149048, -0.11764908]
-------------------------- Net Profits 29985.93 --------------------------
------------------------- 9 -------------------------
Parameters Node { alpha: 0.5, x: 999.0, y: 800.0 } against Node { alpha: 0.5, x: 1.0, y: 999.0 }
Profits: [498.6006, 497.91064, 497.03125, 495.96362, 494.70923, 493.27026, 491.64868, 489.84717, 487.86816, 485.71387, 483.38867, 480.89648, 478.23926, 475.42188, 472.44775, 469.32178, 466.04883, 462.63086, 459.07617, 455.38672, 451.56836, 447.62695, 443.56836, 439.39453, 435.11328, 430.72852, 426.24902, 421.6748, 417.0166, 412.27637, 407.46094, 402.5752, 397.62598, 392.61523, 387.55273, 382.43945, 377.2832, 372.0879, 366.86133, 361.60156, 356.32227, 351.02148, 345.70703, 340.3828, 335.05078, 329.71875, 324.39063, 319.0664, 313.7539, 308.45313, 303.17188, 297.91016, 292.67578, 287.46484, 282.28516, 277.14063, 272.03125, 266.95898, 261.92773, 256.9375, 251.9961, 247.09961, 242.25195, 237.45703, 232.71289, 228.02148, 223.38867, 218.81055, 214.28906, 209.82813, 205.42773, 201.08594, 196.80664, 192.58789, 188.43164, 184.33789, 180.3086, 176.34375, 172.4414, 168.60352, 164.83008, 161.11914, 157.47266, 153.89063, 150.3711, 146.91797, 143.52344, 140.19531, 136.92969, 133.72461, 130.58203, 127.5, 124.478516, 121.515625, 118.61328, 115.76953, 112.984375, 110.25781, 107.58594, 104.9707]
Prices: [1.799, 3.1785488, 4.9373326, 7.0726666, 9.581289, 12.4594, 15.702641, 19.306133, 23.264494, 27.571768, 32.22165, 37.20734, 42.52146, 48.156414, 54.104137, 60.355988, 66.903625, 73.737404, 80.84824, 88.22643, 95.861984, 103.74488, 111.86482, 120.21115, 128.7734, 137.54099, 146.50288, 155.64825, 164.96707, 174.44688, 184.07796, 193.84921, 203.75005, 213.76917, 223.89703, 234.12175, 244.43433, 254.82292, 265.28036, 275.7929, 286.3564, 296.95544, 307.58612, 318.23627, 328.89554, 339.5606, 350.22202, 360.86835, 371.49536, 382.09048, 392.65567, 403.1748, 413.6512, 424.0673, 434.4266, 444.71976, 454.93982, 465.0843, 475.14868, 485.12057, 495.01135, 504.80194, 514.493, 524.0872, 533.5761, 542.95013, 552.22363, 561.383, 570.41626, 579.34344, 588.1441, 596.8261, 605.39404, 613.82355, 622.13434, 630.3229, 638.3784, 646.3119, 654.1136, 661.7914, 669.3396, 676.7572, 684.0524, 691.2171, 698.2478, 705.15894, 711.9384, 718.6, 725.1428, 731.54913, 737.83887, 743.99786, 750.04126, 755.9588, 761.76587, 767.4562, 773.01776, 778.4805, 783.83057, 789.05316]
Qtys: [-277.1543, -156.64716, -100.66797, -70.12399, -51.632843, -39.59021, -31.309937, -25.37262, -20.970505, -17.616348, -15.001984, -12.924774, -11.247009, -9.872452, -8.732193, -7.775894, -6.965973, -6.2740326, -5.6782455, -5.1615677, -4.7106094, -4.3146896, -3.9652176, -3.6551895, -3.3789063, -3.1316376, -2.9094925, -2.7091522, -2.5278778, -2.3633347, -2.2135239, -2.076744, -1.9515381, -1.8366318, -1.7309418, -1.6335068, -1.5434952, -1.4601822, -1.3829193, -1.3111343, -1.2443314, -1.1820679, -1.1239357, -1.0695915, -1.0187149, -0.97101593, -0.9262428, -0.8841629, -0.84457016, -0.8072777, -0.7721062, -0.7389107, -0.7075424, -0.6778755, -0.6497879, -0.6231804, -0.59795, -0.5740013, -0.5512543, -0.5296364, -0.50907135, -0.48949814, -0.4708557, -0.45308685, -0.43613815, -0.41996765, -0.40452576, -0.3897705, -0.3756714, -0.36218262, -0.3492813, -0.3369255, -0.3250885, -0.31375122, -0.30287933, -0.29244995, -0.28244781, -0.27284622, -0.2636261, -0.25476837, -0.24625778, -0.23807526, -0.23020554, -0.22263718, -0.21535492, -0.20834732, -0.2015953, -0.19509506, -0.18883133, -0.18279648, -0.17697906, -0.17137146, -0.16596222, -0.16074371, -0.15570831, -0.15084839, -0.14616013, -0.14163208, -0.13725662, -0.13303375]
-------------------------- Net Profits 30766.576 --------------------------
------------------------- 10 -------------------------
Parameters Node { alpha: 0.5, x: 999.0, y: 900.0 } against Node { alpha: 0.5, x: 1.0, y: 999.0 }
Profits: [498.55054, 497.8745, 497.02222, 495.9956, 494.7954, 493.42334, 491.88184, 490.17236, 488.29834, 486.26123, 484.06445, 481.71094, 479.20313, 476.5464, 473.74268, 470.79492, 467.70898, 464.4873, 461.13477, 457.65527, 454.0547, 450.33496, 446.50293, 442.56152, 438.5166, 434.3711, 430.1328, 425.8047, 421.3916, 416.89844, 412.33105, 407.6914, 402.98828, 398.2246, 393.40625, 388.53516, 383.6172, 378.66016, 373.66406, 368.63672, 363.57813, 358.5, 353.39844, 348.2832, 343.15625, 338.02148, 332.88477, 327.74805, 322.61328, 317.48633, 312.36914, 307.26563, 302.18164, 297.11523, 292.07422, 287.05664, 282.06836, 277.10938, 272.18555, 267.29492, 262.4453, 257.6328, 252.86328, 248.13477, 243.45313, 238.81836, 234.23242, 229.69727, 225.20898, 220.77539, 216.39453, 212.0664, 207.79688, 203.58203, 199.41992, 195.31836, 191.27344, 187.28516, 183.35938, 179.49023, 175.67969, 171.92969, 168.23633, 164.60547, 161.0332, 157.52148, 154.0664, 150.67188, 147.33594, 144.0586, 140.83984, 137.67969, 134.57813, 131.53125, 128.54297, 125.609375, 122.734375, 119.91211, 117.14453, 114.43555]
Prices: [1.8989999, 3.2510626, 4.955164, 7.008888, 9.409327, 12.1530905, 15.236334, 18.654734, 22.403551, 26.477575, 30.871231, 35.5785, 40.592945, 45.907875, 51.51626, 57.41051, 63.583004, 70.02565, 76.73032, 83.688225, 90.89096, 98.32948, 105.99472, 113.87692, 121.96738, 130.25607, 138.73381, 147.3906, 156.21681, 165.20303, 174.33945, 183.61502, 193.02274, 202.55069, 212.19017, 221.93204, 231.76526, 241.68283, 251.67337, 261.7299, 271.8431, 282.003, 292.2014, 302.4332, 312.6872, 322.95444, 333.23053, 343.5066, 353.7742, 364.02863, 374.26105, 384.4637, 394.63705, 404.76538, 414.85202, 424.8878, 434.86652, 444.78122, 454.6294, 464.4072, 474.1125, 483.73666, 493.27722, 502.72855, 512.0904, 521.36346, 530.5358, 539.6127, 548.58093, 557.4493, 566.2121, 574.861, 583.41315, 591.84454, 600.1577, 608.3616, 616.4546, 624.4204, 632.2883, 640.01917, 647.63574, 655.1397, 662.52264, 669.7867, 676.9277, 683.9585, 690.85846, 697.65485, 704.32794, 710.8803, 717.31726, 723.6327, 729.8518, 735.93713, 741.9254, 747.77997, 753.54425, 759.17114, 764.71686, 770.12274]
Qtys: [-262.5332, -153.14209, -100.303894, -70.76666, -52.585632, -40.600647, -32.283478, -26.276031, -21.795578, -18.36502, -15.680115, -13.539383, -11.805084, -10.380493, -9.195984, -8.2005005, -7.3558807, -6.6331024, -6.0098114, -5.4685745, -4.995598, -4.579857, -4.2125015, -3.8863144, -3.5953598, -3.3347473, -3.100418, -2.8889542, -2.6974792, -2.523552, -2.3651047, -2.2203598, -2.0877762, -1.9660492, -1.8540268, -1.7506943, -1.6551971, -1.5667648, -1.4847183, -1.4084625, -1.3374557, -1.2712631, -1.2094345, -1.1516037, -1.0974426, -1.0466537, -0.9989624, -0.95412445, -0.91191864, -0.8721466, -0.83462906, -0.7992058, -0.76572037, -0.7340431, -0.70404434, -0.6756058, -0.64863205, -0.623024, -0.59869766, -0.5755615, -0.5535507, -0.53258896, -0.512619, -0.49357605, -0.47541046, -0.45806503, -0.44150162, -0.42567062, -0.4105301, -0.39604568, -0.38217926, -0.3689003, -0.35617447, -0.34397888, -0.3322792, -0.32105637, -0.31027985, -0.2999344, -0.2899933, -0.2804451, -0.27126312, -0.2624321, -0.25393295, -0.24575806, -0.23788834, -0.23030853, -0.2230072, -0.21596909, -0.20918655, -0.20264816, -0.19634247, -0.19026184, -0.18439102, -0.1787262, -0.17325592, -0.16797638, -0.16287613, -0.15795135, -0.1531868, -0.1485939]
-------------------------- Net Profits 31479.434 --------------------------
------------------------- 11 -------------------------
Parameters Node { alpha: 0.5, x: 999.0, y: 1000.0 } against Node { alpha: 0.5, x: 1.0, y: 999.0 }
Profits: [498.5005, 497.8363, 497.00818, 496.0166, 494.86328, 493.54956, 492.07715, 490.44824, 488.66504, 486.7295, 484.64404, 482.41162, 480.03516, 477.5166, 474.86035, 472.0703, 469.14746, 466.09766, 462.92285, 459.6289, 456.2168, 452.69336, 449.06152, 445.3252, 441.48828, 437.55664, 433.53223, 429.4209, 425.22656, 420.9541, 416.60742, 412.19238, 407.70898, 403.16602, 398.5664, 393.91602, 389.2168, 384.47266, 379.6914, 374.8711, 370.02148, 365.14453, 360.24414, 355.32422, 350.38672, 345.4375, 340.48047, 335.51953, 330.5547, 325.59375, 320.63477, 315.68555, 310.7461, 305.8203, 300.91406, 296.0254, 291.1582, 286.3164, 281.5, 276.71484, 271.95703, 267.23438, 262.54688, 257.89844, 253.28516, 248.71484, 244.1875, 239.69922, 235.25977, 230.86523, 226.51758, 222.21875, 217.96875, 213.76758, 209.6211, 205.52344, 201.47852, 197.48633, 193.54883, 189.66602, 185.83594, 182.06055, 178.3418, 174.67578, 171.0664, 167.51172, 164.01367, 160.57227, 157.1836, 153.85156, 150.57422, 147.35352, 144.1875, 141.07617, 138.01563, 135.01172, 132.06055, 129.16211, 126.31641, 123.52344]
Prices: [1.999, 3.327228, 4.983921, 6.9668856, 9.2735, 11.900742, 14.84512, 18.102854, 21.669657, 25.540976, 29.711758, 34.17674, 38.930214, 43.9662, 49.27833, 54.86032, 60.704876, 66.805275, 73.15377, 79.74332, 86.565575, 93.612915, 100.877144, 108.350204, 116.023094, 123.88816, 131.93575, 140.15831, 148.54625, 157.09164, 165.7849, 174.61766, 183.58067, 192.66573, 201.86441, 211.16776, 220.56718, 230.05313, 239.62112, 249.25735, 258.95657, 268.7116, 278.51428, 288.35486, 298.22778, 308.12335, 318.03833, 327.963, 337.89142, 347.81516, 357.73102, 367.6304, 377.50644, 387.35516, 397.17444, 406.94992, 416.68463, 426.37048, 436.00317, 445.57483, 455.0857, 464.52985, 473.90082, 483.2075, 492.42554, 501.57016, 510.6277, 519.5954, 528.4792, 537.2673, 545.9648, 554.56104, 563.0643, 571.46533, 579.76105, 587.95575, 596.041, 604.02594, 611.9017, 619.6773, 627.336, 634.88324, 642.3196, 649.6447, 656.8629, 663.9681, 670.97174, 677.85974, 684.63464, 691.2904, 697.8436, 704.2964, 710.6202, 716.8635, 722.96313, 728.97595, 734.88324, 740.6718, 746.3618, 751.96063]
Qtys: [-249.37494, -149.62494, -99.72232, -71.19632, -53.36316, -41.472168, -33.1474, -27.092316, -22.55066, -19.056808, -16.311523, -14.115204, -12.330658, -10.860992, -9.6362915, -8.60495, -7.7283325, -6.976959, -6.328079, -5.763855, -5.2701874, -4.8358, -4.4515686, -4.110054, -3.8051758, -3.531868, -3.2859344, -3.0638275, -2.862587, -2.6796722, -2.5129395, -2.3605423, -2.220871, -2.0925674, -1.9744263, -1.8654175, -1.7646179, -1.6712341, -1.584549, -1.503952, -1.428894, -1.3588715, -1.2934494, -1.2322464, -1.1748962, -1.1211014, -1.0705643, -1.0230408, -0.97828674, -0.93611145, -0.89630127, -0.8587036, -0.82315445, -0.7895088, -0.757637, -0.7274246, -0.69874954, -0.67152023, -0.6456375, -0.6210289, -0.5975952, -0.57527924, -0.5540123, -0.5337219, -0.51436234, -0.4958725, -0.47821045, -0.46131897, -0.44516373, -0.42970276, -0.4148941, -0.40071106, -0.38711166, -0.3740692, -0.36156464, -0.34955597, -0.33802795, -0.32695007, -0.31630707, -0.30607224, -0.29623032, -0.28676224, -0.27765274, -0.26887894, -0.26042938, -0.25228882, -0.24444199, -0.23688126, -0.22958755, -0.22255707, -0.21577072, -0.20922089, -0.20290375, -0.19679642, -0.19090271, -0.18520737, -0.17970276, -0.17438507, -0.16924286, -0.1642685]
-------------------------- Net Profits 32132.977 --------------------------
