x: energy, y: token
------------------------- 1 -------------------------
Parameters Node { alpha: 0.5, x: 999.0, y: 1.0 } against Node { alpha: 0.5, x: 100.0, y: 999.0 }
Profits: [454.00412, 378.34293, 293.11377, 214.51013, 150.52808, 102.54321, 68.45117, 45.076416, 29.418457, 19.087402, 12.337158, 7.95459, 5.1206055, 3.2929688, 2.116211, 1.359375, 0.8730469, 0.5605469, 0.35986328, 0.23095703, 0.14831543, 0.095336914, 0.061157227, 0.03918457, 0.025146484, 0.016235352, 0.010375977, 0.006591797, 0.004272461, 0.0026855469, 0.0018310547, 0.0012207031, 0.0007324219, 0.00048828125, 0.00024414063, 0.00012207031, 0.00012207031, 0.0, 0.0, 0.0, 0.0, 0.0, 0.0, 0.0, 0.0, 0.0, 0.0, 0.0, 0.0, 0.0, 0.0, 0.0, 0.0, 0.0, 0.0, 0.0, 0.0, 0.0, 0.0, 0.0, 0.0, 0.0, 0.0, 0.0, 0.0, 0.0, 0.0, 0.0, 0.0, 0.0, 0.0, 0.0, 0.0, 0.0, 0.0, 0.0, 0.0, 0.0, 0.0, 0.0, 0.0, 0.0, 0.0, 0.0, 0.0, 0.0, 0.0, 0.0, 0.0, 0.0, 0.0, 0.0, 0.0, 0.0, 0.0, 0.0, 0.0, 0.0, 0.0, 0.0]
Prices: [0.9099181, 2.42314, 4.127726, 5.699798, 6.979437, 7.9391356, 8.620985, 9.08845, 9.401604, 9.608283, 9.743179, 9.831067, 9.887567, 9.924032, 9.948211, 9.962872, 9.973157, 9.977186, 9.980534, 9.984169, 9.989722, 9.9968, 9.995012, 9.992218, 9.987879, 9.943925, 10.0, 9.818182, 10.0, 9.777778, 10.0, 10.0, 9.6, 10.666667, 8.0, 8.0, -inf, NaN, NaN, NaN, NaN, NaN, NaN, NaN, NaN, NaN, NaN, NaN, NaN, NaN, NaN, NaN, NaN, NaN, NaN, NaN, NaN, NaN, NaN, NaN, NaN, NaN, NaN, NaN, NaN, NaN, NaN, NaN, NaN, NaN, NaN, NaN, NaN, NaN, NaN, NaN, NaN, NaN, NaN, NaN, NaN, NaN, NaN, NaN, NaN, NaN, NaN, NaN, NaN, NaN, NaN, NaN, NaN, NaN, NaN, NaN, NaN, NaN, NaN, NaN]
Qtys: [-498.9505, -156.13745, -71.010956, -37.63469, -21.567368, -12.916168, -7.9400635, -4.9597473, -3.1290894, -1.986557, -1.2662354, -0.8091278, -0.5178833, -0.33181763, -0.21272278, -0.13644409, -0.08753967, -0.05618286, -0.03605652, -0.023132324, -0.014846802, -0.009536743, -0.0061187744, -0.003921509, -0.0025177002, -0.0016326904, -0.0010375977, -0.0006713867, -0.0004272461, -0.0002746582, -0.00018310547, -0.00012207031, -7.6293945e-5, -4.5776367e-5, -3.0517578e-5, -1.5258789e-5, 0.0, 0.0, 0.0, 0.0, 0.0, 0.0, 0.0, 0.0, 0.0, 0.0, 0.0, 0.0, 0.0, 0.0, 0.0, 0.0, 0.0, 0.0, 0.0, 0.0, 0.0, 0.0, 0.0, 0.0, 0.0, 0.0, 0.0, 0.0, 0.0, 0.0, 0.0, 0.0, 0.0, 0.0, 0.0, 0.0, 0.0, 0.0, 0.0, 0.0, 0.0, 0.0, 0.0, 0.0, 0.0, 0.0, 0.0, 0.0, 0.0, 0.0, 0.0, 0.0, 0.0, 0.0, 0.0, 0.0, 0.0, 0.0, 0.0, 0.0, 0.0, 0.0, 0.0, 0.0]
-------------------------- Net Profits 1789.6951 --------------------------
------------------------- 2 -------------------------
Parameters Node { alpha: 0.5, x: 999.0, y: 100.0 } against Node { alpha: 0.5, x: 100.0, y: 999.0 }
Profits: [449.5, 380.2929, 302.68073, 229.40967, 167.5122, 119.01416, 82.923096, 56.993896, 38.806396, 26.254028, 17.685059, 11.878052, 7.962036, 5.3302, 3.5651855, 2.3830566, 1.5922852, 1.0638428, 0.71032715, 0.47436523, 0.31689453, 0.21166992, 0.14123535, 0.09436035, 0.06298828, 0.042114258, 0.028076172, 0.018676758, 0.012451172, 0.008300781, 0.0056152344, 0.0037841797, 0.002319336, 0.0017089844, 0.0012207031, 0.0007324219, 0.00048828125, 0.00036621094, 0.00012207031, 0.0, 0.0, 0.0, 0.0, 0.0, 0.0, 0.0, 0.0, 0.0, 0.0, 0.0, 0.0, 0.0, 0.0, 0.0, 0.0, 0.0, 0.0, 0.0, 0.0, 0.0, 0.0, 0.0, 0.0, 0.0, 0.0, 0.0, 0.0, 0.0, 0.0, 0.0, 0.0, 0.0, 0.0, 0.0, 0.0, 0.0, 0.0, 0.0, 0.0, 0.0, 0.0, 0.0, 0.0, 0.0, 0.0, 0.0, 0.0, 0.0, 0.0, 0.0, 0.0, 0.0, 0.0, 0.0, 0.0, 0.0, 0.0, 0.0, 0.0, 0.0]
Prices: [1.0, 2.384142, 3.9363883, 5.401808, 6.6397524, 7.6097126, 8.331542, 8.850127, 9.213883, 9.464939, 9.636316, 9.752443, 9.830815, 9.883431, 9.918832, 9.94245, 9.958202, 9.968544, 9.974716, 9.980096, 9.984615, 9.987041, 9.984898, 9.990307, 9.995157, 10.0, 10.0, 9.95122, 9.95122, 10.074074, 9.945946, 9.92, 9.5, 10.181818, 10.0, 9.6, 10.666667, 12.0, -inf, NaN, NaN, NaN, NaN, NaN, NaN, NaN, NaN, NaN, NaN, NaN, NaN, NaN, NaN, NaN, NaN, NaN, NaN, NaN, NaN, NaN, NaN, NaN, NaN, NaN, NaN, NaN, NaN, NaN, NaN, NaN, NaN, NaN, NaN, NaN, NaN, NaN, NaN, NaN, NaN, NaN, NaN, NaN, NaN, NaN, NaN, NaN, NaN, NaN, NaN, NaN, NaN, NaN, NaN, NaN, NaN, NaN, NaN, NaN, NaN, NaN]
Qtys: [-449.5, -159.50934, -76.893005, -42.469055, -25.228683, -15.6397705, -9.952911, -6.4398956, -4.211731, -2.773819, -1.8352509, -1.2179565, -0.809906, -0.53930664, -0.35943604, -0.23968506, -0.15989685, -0.10671997, -0.07121277, -0.047531128, -0.03173828, -0.021194458, -0.014144897, -0.00944519, -0.00630188, -0.004211426, -0.0028076172, -0.001876831, -0.0012512207, -0.0008239746, -0.0005645752, -0.00038146973, -0.00024414063, -0.00016784668, -0.00012207031, -7.6293945e-5, -4.5776367e-5, -3.0517578e-5, 0.0, 0.0, 0.0, 0.0, 0.0, 0.0, 0.0, 0.0, 0.0, 0.0, 0.0, 0.0, 0.0, 0.0, 0.0, 0.0, 0.0, 0.0, 0.0, 0.0, 0.0, 0.0, 0.0, 0.0, 0.0, 0.0, 0.0, 0.0, 0.0, 0.0, 0.0, 0.0, 0.0, 0.0, 0.0, 0.0, 0.0, 0.0, 0.0, 0.0, 0.0, 0.0, 0.0, 0.0, 0.0, 0.0, 0.0, 0.0, 0.0, 0.0, 0.0, 0.0, 0.0, 0.0, 0.0, 0.0, 0.0, 0.0, 0.0, 0.0, 0.0, 0.0]
-------------------------- Net Profits 1906.9846 --------------------------
------------------------- 3 -------------------------
Parameters Node { alpha: 0.5, x: 999.0, y: 200.0 } against Node { alpha: 0.5, x: 100.0, y: 999.0 }
Profits: [444.95044, 380.573, 308.9231, 240.29004, 180.77637, 132.62036, 95.50549, 67.86316, 47.763916, 33.39258, 23.236084, 16.115479, 11.151855, 7.704834, 5.317627, 3.6672363, 2.527588, 1.7416992, 1.199707, 0.826416, 0.5690918, 0.3918457, 0.27001953, 0.18579102, 0.12792969, 0.088134766, 0.060546875, 0.041748047, 0.028564453, 0.01977539, 0.013671875, 0.009521484, 0.0063476563, 0.0043945313, 0.0029296875, 0.0021972656, 0.0014648438, 0.0009765625, 0.0007324219, 0.00048828125, 0.00048828125, 0.00024414063, 0.00024414063, 0.0, 0.0, 0.0, 0.0, 0.0, 0.0, 0.0, 0.0, 0.0, 0.0, 0.0, 0.0, 0.0, 0.0, 0.0, 0.0, 0.0, 0.0, 0.0, 0.0, 0.0, 0.0, 0.0, 0.0, 0.0, 0.0, 0.0, 0.0, 0.0, 0.0, 0.0, 0.0, 0.0, 0.0, 0.0, 0.0, 0.0, 0.0, 0.0, 0.0, 0.0, 0.0, 0.0, 0.0, 0.0, 0.0, 0.0, 0.0, 0.0, 0.0, 0.0, 0.0, 0.0, 0.0, 0.0, 0.0, 0.0]
Prices: [1.0909917, 2.378539, 3.8115346, 5.1842027, 6.3744698, 7.3375926, 8.079892, 8.632749, 9.03471, 9.322167, 9.525358, 9.667665, 9.766909, 9.835677, 9.883608, 9.916897, 9.939278, 9.954997, 9.966282, 9.974217, 9.977528, 9.980567, 9.986456, 9.988515, 9.992848, 10.010399, 9.994963, 9.985401, 9.957447, 9.969231, 9.955556, 10.064516, 9.904762, 9.931034, 9.6, 10.285714, 9.6, 10.666667, 9.6, 16.0, 16.0, 8.0, 16.0, 0.0, NaN, NaN, NaN, NaN, NaN, NaN, NaN, NaN, NaN, NaN, NaN, NaN, NaN, NaN, NaN, NaN, NaN, NaN, NaN, NaN, NaN, NaN, NaN, NaN, NaN, NaN, NaN, NaN, NaN, NaN, NaN, NaN, NaN, NaN, NaN, NaN, NaN, NaN, NaN, NaN, NaN, NaN, NaN, NaN, NaN, NaN, NaN, NaN, NaN, NaN, NaN, NaN, NaN, NaN, NaN, NaN]
Qtys: [-407.84033, -160.00284, -81.04953, -46.350433, -28.359436, -18.074097, -11.820145, -7.8611298, -5.2867126, -3.5820618, -2.439392, -1.6669464, -1.1417999, -0.7833557, -0.5380249, -0.36979675, -0.25430298, -0.17495728, -0.12037659, -0.082855225, -0.057037354, -0.039260864, -0.027038574, -0.018600464, -0.012802124, -0.008804321, -0.0060577393, -0.004180908, -0.0028686523, -0.0019836426, -0.001373291, -0.0009460449, -0.00064086914, -0.00044250488, -0.00030517578, -0.00021362305, -0.00015258789, -9.1552734e-5, -7.6293945e-5, -3.0517578e-5, -3.0517578e-5, -3.0517578e-5, -1.5258789e-5, -1.5258789e-5, 0.0, 0.0, 0.0, 0.0, 0.0, 0.0, 0.0, 0.0, 0.0, 0.0, 0.0, 0.0, 0.0, 0.0, 0.0, 0.0, 0.0, 0.0, 0.0, 0.0, 0.0, 0.0, 0.0, 0.0, 0.0, 0.0, 0.0, 0.0, 0.0, 0.0, 0.0, 0.0, 0.0, 0.0, 0.0, 0.0, 0.0, 0.0, 0.0, 0.0, 0.0, 0.0, 0.0, 0.0, 0.0, 0.0, 0.0, 0.0, 0.0, 0.0, 0.0, 0.0, 0.0, 0.0, 0.0, 0.0]
-------------------------- Net Profits 2007.9741 --------------------------
------------------------- 4 -------------------------
Parameters Node { alpha: 0.5, x: 999.0, y: 300.0 } against Node { alpha: 0.5, x: 100.0, y: 999.0 }
Profits: [440.40082, 379.77338, 312.88892, 248.2384, 191.11597, 143.76147, 106.26294, 77.53296, 56.03662, 40.22339, 28.730469, 20.449219, 14.518555, 10.2890625, 7.283203, 5.1503906, 3.6398926, 2.571289, 1.815918, 1.2819824, 0.9050293, 0.638916, 0.45092773, 0.31811523, 0.22460938, 0.15844727, 0.111816406, 0.07885742, 0.055664063, 0.03955078, 0.027832031, 0.01953125, 0.013671875, 0.009765625, 0.0068359375, 0.0048828125, 0.0034179688, 0.0024414063, 0.0017089844, 0.0012207031, 0.0007324219, 0.0007324219, 0.00048828125, 0.00048828125, 0.0, 0.00024414063, 0.0, 0.0, 0.0, 0.0, 0.0, 0.0, 0.0, 0.0, 0.0, 0.0, 0.0, 0.0, 0.0, 0.0, 0.0, 0.0, 0.0, 0.0, 0.0, 0.0, 0.0, 0.0, 0.0, 0.0, 0.0, 0.0, 0.0, 0.0, 0.0, 0.0, 0.0, 0.0, 0.0, 0.0, 0.0, 0.0, 0.0, 0.0, 0.0, 0.0, 0.0, 0.0, 0.0, 0.0, 0.0, 0.0, 0.0, 0.0, 0.0, 0.0, 0.0, 0.0, 0.0, 0.0]
Prices: [1.1819835, 2.394532, 3.7322214, 5.025228, 6.1676784, 7.1147723, 7.8647327, 8.439326, 8.869264, 9.185524, 9.415389, 9.580989, 9.699758, 9.784149, 9.844529, 9.887109, 9.91702, 9.938779, 9.953831, 9.963947, 9.971755, 9.979028, 9.9804125, 9.984674, 9.993211, 9.984615, 9.983651, 9.976834, 9.967213, 10.007722, 10.021978, 10.07874, 9.955556, 10.0, 9.73913, 10.32258, 9.73913, 10.0, 10.181818, 10.0, 9.6, 12.0, 16.0, 16.0, 0.0, 8.0, NaN, NaN, NaN, NaN, NaN, NaN, NaN, NaN, NaN, NaN, NaN, NaN, NaN, NaN, NaN, NaN, NaN, NaN, NaN, NaN, NaN, NaN, NaN, NaN, NaN, NaN, NaN, NaN, NaN, NaN, NaN, NaN, NaN, NaN, NaN, NaN, NaN, NaN, NaN, NaN, NaN, NaN, NaN, NaN, NaN, NaN, NaN, NaN, NaN, NaN, NaN, NaN, NaN, NaN]
Qtys: [-372.59473, -158.60025, -83.8345, -49.398438, -30.986694, -20.206055, -13.511322, -9.187103, -6.3180695, -4.378998, -3.0514374, -2.1343536, -1.4967957, -1.0516052, -0.7398224, -0.5209198, -0.3670349, -0.25871277, -0.18243408, -0.12866211, -0.09075928, -0.06402588, -0.045181274, -0.03186035, -0.022476196, -0.01586914, -0.011199951, -0.007904053, -0.005584717, -0.0039520264, -0.0027770996, -0.0019378662, -0.001373291, -0.0009765625, -0.0007019043, -0.00047302246, -0.00035095215, -0.00024414063, -0.00016784668, -0.00012207031, -7.6293945e-5, -6.1035156e-5, -3.0517578e-5, -3.0517578e-5, -1.5258789e-5, -3.0517578e-5, 0.0, 0.0, 0.0, 0.0, 0.0, 0.0, 0.0, 0.0, 0.0, 0.0, 0.0, 0.0, 0.0, 0.0, 0.0, 0.0, 0.0, 0.0, 0.0, 0.0, 0.0, 0.0, 0.0, 0.0, 0.0, 0.0, 0.0, 0.0, 0.0, 0.0, 0.0, 0.0, 0.0, 0.0, 0.0, 0.0, 0.0, 0.0, 0.0, 0.0, 0.0, 0.0, 0.0, 0.0, 0.0, 0.0, 0.0, 0.0, 0.0, 0.0, 0.0, 0.0, 0.0, 0.0]
-------------------------- Net Profits 2095.0408 --------------------------
------------------------- 5 -------------------------
Parameters Node { alpha: 0.5, x: 999.0, y: 400.0 } against Node { alpha: 0.5, x: 100.0, y: 999.0 }
Profits: [435.85126, 378.24554, 315.27185, 254.06274, 199.2273, 152.91064, 115.44043, 86.07031, 63.576904, 46.638916, 34.04077, 24.753906, 17.952393, 12.994141, 9.39209, 6.7817383, 4.8930664, 3.5285645, 2.5437012, 1.8330078, 1.3208008, 0.95166016, 0.6855469, 0.49365234, 0.35546875, 0.25610352, 0.18432617, 0.1328125, 0.095703125, 0.068847656, 0.049560547, 0.035888672, 0.025878906, 0.018554688, 0.013183594, 0.009765625, 0.0068359375, 0.0048828125, 0.0036621094, 0.0026855469, 0.001953125, 0.0014648438, 0.0009765625, 0.0007324219, 0.0007324219, 0.00024414063, 0.00024414063, 0.00024414063, 0.0, 0.0, 0.0, 0.0, 0.0, 0.0, 0.0, 0.0, 0.0, 0.0, 0.0, 0.0, 0.0, 0.0, 0.0, 0.0, 0.0, 0.0, 0.0, 0.0, 0.0, 0.0, 0.0, 0.0, 0.0, 0.0, 0.0, 0.0, 0.0, 0.0, 0.0, 0.0, 0.0, 0.0, 0.0, 0.0, 0.0, 0.0, 0.0, 0.0, 0.0, 0.0, 0.0, 0.0, 0.0, 0.0, 0.0, 0.0, 0.0, 0.0, 0.0, 0.0]
Prices: [1.2729753, 2.425088, 3.6845624, 4.908739, 6.005451, 6.931782, 7.681198, 8.268596, 8.718473, 9.057184, 9.309209, 9.4949665, 9.631042, 9.730165, 9.802211, 9.854723, 9.892399, 9.919698, 9.939423, 9.95261, 9.965462, 9.972498, 9.979565, 9.979025, 9.981149, 9.990477, 9.983471, 9.981651, 9.987261, 9.982301, 9.96319, 10.051282, 10.095238, 9.967213, 9.818182, 10.0, 10.181818, 10.0, 10.0, 11.0, 10.666667, 12.0, 10.666667, 12.0, 12.0, 8.0, 8.0, 8.0, NaN, NaN, NaN, NaN, NaN, NaN, NaN, NaN, NaN, NaN, NaN, NaN, NaN, NaN, NaN, NaN, NaN, NaN, NaN, NaN, NaN, NaN, NaN, NaN, NaN, NaN, NaN, NaN, NaN, NaN, NaN, NaN, NaN, NaN, NaN, NaN, NaN, NaN, NaN, NaN, NaN, NaN, NaN, NaN, NaN, NaN, NaN, NaN, NaN, NaN, NaN, NaN]
Qtys: [-342.38782, -155.9719, -85.56561, -51.757233, -33.174408, -22.059357, -15.028961, -10.409302, -7.292206, -5.1493835, -3.6566772, -2.6070557, -1.8640137, -1.3354492, -0.9581604, -0.6881714, -0.4946289, -0.3557129, -0.2559204, -0.18417358, -0.13253784, -0.09542847, -0.06869507, -0.049468994, -0.035614014, -0.025634766, -0.018463135, -0.013305664, -0.0095825195, -0.0068969727, -0.0049743652, -0.0035705566, -0.0025634766, -0.0018615723, -0.0013427734, -0.0009765625, -0.0006713867, -0.00048828125, -0.00036621094, -0.00024414063, -0.00018310547, -0.00012207031, -9.1552734e-5, -6.1035156e-5, -6.1035156e-5, -3.0517578e-5, -3.0517578e-5, -3.0517578e-5, 0.0, 0.0, 0.0, 0.0, 0.0, 0.0, 0.0, 0.0, 0.0, 0.0, 0.0, 0.0, 0.0, 0.0, 0.0, 0.0, 0.0, 0.0, 0.0, 0.0, 0.0, 0.0, 0.0, 0.0, 0.0, 0.0, 0.0, 0.0, 0.0, 0.0, 0.0, 0.0, 0.0, 0.0, 0.0, 0.0, 0.0, 0.0, 0.0, 0.0, 0.0, 0.0, 0.0, 0.0, 0.0, 0.0, 0.0, 0.0, 0.0, 0.0, 0.0, 0.0]
-------------------------- Net Profits 2170.7317 --------------------------
------------------------- 6 -------------------------
Parameters Node { alpha: 0.5, x: 999.0, y: 500.0 } against Node { alpha: 0.5, x: 100.0, y: 999.0 }
Profits: [431.30164, 376.2035, 316.51025, 258.30115, 205.60803, 160.44116, 123.26416, 93.57471, 70.39282, 52.59204, 39.091797, 28.946777, 21.37378, 15.749268, 11.586914, 8.515137, 6.2524414, 4.588379, 3.3654785, 2.4675293, 1.809082, 1.3259277, 0.9716797, 0.7121582, 0.5217285, 0.38232422, 0.2800293, 0.20507813, 0.15039063, 0.11035156, 0.080566406, 0.05908203, 0.04345703, 0.03173828, 0.0234375, 0.017089844, 0.012451172, 0.009033203, 0.0068359375, 0.0048828125, 0.0036621094, 0.0026855469, 0.001953125, 0.0014648438, 0.0009765625, 0.0007324219, 0.00048828125, 0.00048828125, 0.00024414063, 0.0, 0.0, 0.0, 0.0, 0.0, 0.0, 0.0, 0.0, 0.0, 0.0, 0.0, 0.0, 0.0, 0.0, 0.0, 0.0, 0.0, 0.0, 0.0, 0.0, 0.0, 0.0, 0.0, 0.0, 0.0, 0.0, 0.0, 0.0, 0.0, 0.0, 0.0, 0.0, 0.0, 0.0, 0.0, 0.0, 0.0, 0.0, 0.0, 0.0, 0.0, 0.0, 0.0, 0.0, 0.0, 0.0, 0.0, 0.0, 0.0, 0.0, 0.0]
Prices: [1.3639673, 2.465928, 3.6597922, 4.823981, 5.8778415, 6.7811656, 7.5247216, 8.118489, 8.582146, 8.93814, 9.20812, 9.41112, 9.562491, 9.674959, 9.758154, 9.819602, 9.865177, 9.898743, 9.92262, 9.940496, 9.952989, 9.9628525, 9.971813, 9.976913, 9.980152, 9.9824705, 9.984766, 9.985141, 9.995943, 9.988951, 9.962264, 9.979382, 10.028169, 10.0, 10.105263, 10.0, 9.95122, 9.866667, 10.181818, 10.0, 10.0, 11.0, 10.666667, 12.0, 8.0, 12.0, 8.0, 8.0, 8.0, NaN, NaN, NaN, NaN, NaN, NaN, NaN, NaN, NaN, NaN, NaN, NaN, NaN, NaN, NaN, NaN, NaN, NaN, NaN, NaN, NaN, NaN, NaN, NaN, NaN, NaN, NaN, NaN, NaN, NaN, NaN, NaN, NaN, NaN, NaN, NaN, NaN, NaN, NaN, NaN, NaN, NaN, NaN, NaN, NaN, NaN, NaN, NaN, NaN, NaN, NaN]
Qtys: [-316.21112, -152.56061, -86.48312, -53.545227, -34.980194, -23.65982, -16.381226, -11.526123, -8.20224, -5.8840027, -4.2453613, -3.0758057, -2.2351685, -1.6278381, -1.1874084, -0.867157, -0.63378906, -0.4635315, -0.33917236, -0.24822998, -0.1817627, -0.13308716, -0.09744263, -0.071380615, -0.05227661, -0.03829956, -0.028045654, -0.02053833, -0.015045166, -0.011047363, -0.008087158, -0.00592041, -0.004333496, -0.0031738281, -0.002319336, -0.0017089844, -0.0012512207, -0.00091552734, -0.0006713867, -0.00048828125, -0.00036621094, -0.00024414063, -0.00018310547, -0.00012207031, -0.00012207031, -6.1035156e-5, -6.1035156e-5, -6.1035156e-5, -3.0517578e-5, 0.0, 0.0, 0.0, 0.0, 0.0, 0.0, 0.0, 0.0, 0.0, 0.0, 0.0, 0.0, 0.0, 0.0, 0.0, 0.0, 0.0, 0.0, 0.0, 0.0, 0.0, 0.0, 0.0, 0.0, 0.0, 0.0, 0.0, 0.0, 0.0, 0.0, 0.0, 0.0, 0.0, 0.0, 0.0, 0.0, 0.0, 0.0, 0.0, 0.0, 0.0, 0.0, 0.0, 0.0, 0.0, 0.0, 0.0, 0.0, 0.0, 0.0, 0.0]
-------------------------- Net Profits 2236.897 --------------------------
------------------------- 7 -------------------------
Parameters Node { alpha: 0.5, x: 999.0, y: 600.0 } against Node { alpha: 0.5, x: 100.0, y: 999.0 }
Profits: [426.75195, 373.7849, 316.89453, 261.32422, 210.62085, 166.64453, 129.93164, 100.15332, 76.52075, 58.0708, 43.843506, 32.97412, 24.726807, 18.501709, 13.821289, 10.312256, 7.6870117, 5.7263184, 4.263672, 3.1733398, 2.3608398, 1.7563477, 1.3063965, 0.97143555, 0.72265625, 0.5371094, 0.39941406, 0.296875, 0.22070313, 0.16430664, 0.12182617, 0.09082031, 0.06738281, 0.05029297, 0.037353516, 0.02758789, 0.020507813, 0.015380859, 0.011474609, 0.008544922, 0.0061035156, 0.004638672, 0.0036621094, 0.0026855469, 0.0017089844, 0.0014648438, 0.0009765625, 0.0009765625, 0.00048828125, 0.00048828125, 0.00024414063, 0.00024414063, 0.0, 0.0, 0.0, 0.0, 0.0, 0.0, 0.0, 0.0, 0.0, 0.0, 0.0, 0.0, 0.0, 0.0, 0.0, 0.0, 0.0, 0.0, 0.0, 0.0, 0.0, 0.0, 0.0, 0.0, 0.0, 0.0, 0.0, 0.0, 0.0, 0.0, 0.0, 0.0, 0.0, 0.0, 0.0, 0.0, 0.0, 0.0, 0.0, 0.0, 0.0, 0.0, 0.0, 0.0, 0.0, 0.0, 0.0, 0.0]
Prices: [1.4549589, 2.5143027, 3.6521072, 4.7635155, 5.777579, 6.657102, 7.3913717, 7.9869165, 8.459594, 8.828603, 9.113112, 9.330547, 9.495464, 9.619879, 9.713587, 9.783774, 9.836301, 9.87527, 9.90514, 9.926873, 9.942167, 9.955371, 9.964619, 9.969308, 9.9789295, 9.9773245, 9.983219, 9.977436, 9.975172, 9.988869, 9.98, 9.986577, 9.990951, 9.987879, 9.95122, 9.934066, 9.882353, 10.08, 10.162162, 10.0, 10.0, 10.133333, 10.0, 9.777778, 9.333333, 9.6, 8.0, 10.666667, 8.0, 16.0, 8.0, 8.0, NaN, NaN, NaN, NaN, NaN, NaN, NaN, NaN, NaN, NaN, NaN, NaN, NaN, NaN, NaN, NaN, NaN, NaN, NaN, NaN, NaN, NaN, NaN, NaN, NaN, NaN, NaN, NaN, NaN, NaN, NaN, NaN, NaN, NaN, NaN, NaN, NaN, NaN, NaN, NaN, NaN, NaN, NaN, NaN, NaN, NaN, NaN, NaN]
Qtys: [-293.3086, -148.66345, -86.770325, -54.859528, -36.454865, -25.032593, -17.578827, -12.539673, -9.045441, -6.5775757, -4.811035, -3.5339966, -2.604065, -1.9232788, -1.4228821, -1.0540161, -0.78149414, -0.5798645, -0.43045044, -0.31967163, -0.23745728, -0.17642212, -0.13110352, -0.09744263, -0.07241821, -0.053833008, -0.040008545, -0.029754639, -0.022125244, -0.016448975, -0.012207031, -0.009094238, -0.0067443848, -0.0050354004, -0.003753662, -0.0027770996, -0.0020751953, -0.0015258789, -0.0011291504, -0.0008544922, -0.00061035156, -0.00045776367, -0.00036621094, -0.0002746582, -0.00018310547, -0.00015258789, -0.00012207031, -9.1552734e-5, -6.1035156e-5, -3.0517578e-5, -3.0517578e-5, -3.0517578e-5, 0.0, 0.0, 0.0, 0.0, 0.0, 0.0, 0.0, 0.0, 0.0, 0.0, 0.0, 0.0, 0.0, 0.0, 0.0, 0.0, 0.0, 0.0, 0.0, 0.0, 0.0, 0.0, 0.0, 0.0, 0.0, 0.0, 0.0, 0.0, 0.0, 0.0, 0.0, 0.0, 0.0, 0.0, 0.0, 0.0, 0.0, 0.0, 0.0, 0.0, 0.0, 0.0, 0.0, 0.0, 0.0, 0.0, 0.0, 0.0]
-------------------------- Net Profits 2294.9385 --------------------------
------------------------- 8 -------------------------
Parameters Node { alpha: 0.5, x: 999.0, y: 700.0 } against Node { alpha: 0.5, x: 100.0, y: 999.0 }
Profits: [422.2024, 371.08203, 316.6245, 263.39673, 214.53516, 171.75, 135.60913, 105.908936, 82.00879, 63.083008, 48.277832, 36.803223, 27.972656, 21.212402, 16.058594, 12.141113, 9.170166, 6.9211426, 5.220703, 3.9365234, 2.967041, 2.236084, 1.6845703, 1.269043, 0.9560547, 0.7199707, 0.5422363, 0.40844727, 0.3076172, 0.23168945, 0.1743164, 0.13134766, 0.09887695, 0.07446289, 0.056152344, 0.042236328, 0.031982422, 0.023925781, 0.018066406, 0.013671875, 0.010253906, 0.0078125, 0.005859375, 0.0043945313, 0.0034179688, 0.0024414063, 0.001953125, 0.0014648438, 0.0009765625, 0.0007324219, 0.0007324219, 0.00048828125, 0.00024414063, 0.00024414063, 0.00024414063, 0.00024414063, 0.0, 0.0, 0.0, 0.0, 0.0, 0.0, 0.0, 0.0, 0.0, 0.0, 0.0, 0.0, 0.0, 0.0, 0.0, 0.0, 0.0, 0.0, 0.0, 0.0, 0.0, 0.0, 0.0, 0.0, 0.0, 0.0, 0.0, 0.0, 0.0, 0.0, 0.0, 0.0, 0.0, 0.0, 0.0, 0.0, 0.0, 0.0, 0.0, 0.0, 0.0, 0.0, 0.0, 0.0]
Prices: [1.5459507, 2.5683596, 3.6575086, 4.722067, 5.699296, 6.554997, 7.277819, 7.8718343, 8.349819, 8.728329, 9.024449, 9.253969, 9.430609, 9.565651, 9.668853, 9.747396, 9.806729, 9.851954, 9.885697, 9.911026, 9.93095, 9.945975, 9.954914, 9.9626255, 9.970719, 9.975475, 9.976418, 9.980612, 9.980198, 9.989473, 9.986014, 9.986079, 10.0, 9.959184, 10.0, 9.956835, 9.980952, 10.051282, 10.033898, 10.181818, 10.181818, 10.24, 10.105263, 10.285714, 10.181818, 10.0, 10.666667, 9.6, 10.666667, 12.0, 12.0, 16.0, 8.0, 8.0, 8.0, 8.0, NaN, NaN, NaN, NaN, NaN, NaN, NaN, NaN, NaN, NaN, NaN, NaN, NaN, NaN, NaN, NaN, NaN, NaN, NaN, NaN, NaN, NaN, NaN, NaN, NaN, NaN, NaN, NaN, NaN, NaN, NaN, NaN, NaN, NaN, NaN, NaN, NaN, NaN, NaN, NaN, NaN, NaN, NaN, NaN]
Qtys: [-273.1021, -144.48212, -86.56836, -55.77997, -37.642395, -26.201385, -18.63321, -13.454163, -9.821625, -7.2273865, -5.3496704, -3.9770203, -2.966156, -2.2175598, -1.6608582, -1.245575, -0.9350891, -0.70251465, -0.5281067, -0.39718628, -0.2987671, -0.224823, -0.16921997, -0.12738037, -0.09588623, -0.07217407, -0.054351807, -0.040924072, -0.030822754, -0.02319336, -0.017456055, -0.013153076, -0.009887695, -0.0074768066, -0.0056152344, -0.0042419434, -0.0032043457, -0.002380371, -0.0018005371, -0.0013427734, -0.0010070801, -0.00076293945, -0.000579834, -0.0004272461, -0.00033569336, -0.00024414063, -0.00018310547, -0.00015258789, -9.1552734e-5, -6.1035156e-5, -6.1035156e-5, -3.0517578e-5, -3.0517578e-5, -3.0517578e-5, -3.0517578e-5, -3.0517578e-5, 0.0, 0.0, 0.0, 0.0, 0.0, 0.0, 0.0, 0.0, 0.0, 0.0, 0.0, 0.0, 0.0, 0.0, 0.0, 0.0, 0.0, 0.0, 0.0, 0.0, 0.0, 0.0, 0.0, 0.0, 0.0, 0.0, 0.0, 0.0, 0.0, 0.0, 0.0, 0.0, 0.0, 0.0, 0.0, 0.0, 0.0, 0.0, 0.0, 0.0, 0.0, 0.0, 0.0, 0.0]
-------------------------- Net Profits 2345.9443 --------------------------
------------------------- 9 -------------------------
Parameters Node { alpha: 0.5, x: 999.0, y: 800.0 } against Node { alpha: 0.5, x: 100.0, y: 999.0 }
Profits: [417.65283, 368.15967, 315.84216, 264.71155, 217.55469, 175.93848, 140.43652, 110.93457, 86.90918, 67.64795, 52.390625, 40.416504, 31.08496, 23.85254, 18.27002, 13.975342, 10.678711, 8.153564, 6.2216797, 4.745117, 3.6176758, 2.7578125, 2.1015625, 1.6013184, 1.2199707, 0.9291992, 0.7080078, 0.5390625, 0.41064453, 0.31298828, 0.23828125, 0.18115234, 0.1381836, 0.10522461, 0.079833984, 0.061035156, 0.04638672, 0.03564453, 0.026855469, 0.020507813, 0.015625, 0.01171875, 0.009033203, 0.0068359375, 0.005126953, 0.00390625, 0.0031738281, 0.0024414063, 0.0017089844, 0.0014648438, 0.0009765625, 0.0009765625, 0.00048828125, 0.00048828125, 0.00048828125, 0.00024414063, 0.00024414063, 0.0, 0.0, 0.0, 0.0, 0.0, 0.0, 0.0, 0.0, 0.0, 0.0, 0.0, 0.0, 0.0, 0.0, 0.0, 0.0, 0.0, 0.0, 0.0, 0.0, 0.0, 0.0, 0.0, 0.0, 0.0, 0.0, 0.0, 0.0, 0.0, 0.0, 0.0, 0.0, 0.0, 0.0, 0.0, 0.0, 0.0, 0.0, 0.0, 0.0, 0.0, 0.0, 0.0]
Prices: [1.6369425, 2.626809, 3.6731567, 4.695767, 5.6388993, 6.4712276, 7.181261, 7.771318, 8.25181, 8.637008, 8.942172, 9.181697, 9.368344, 9.513029, 9.624488, 9.710433, 9.776486, 9.8269825, 9.86557, 9.894871, 9.91751, 9.9349165, 9.94857, 9.958626, 9.9641075, 9.969875, 9.978495, 9.979661, 9.982196, 9.986368, 9.984654, 9.976471, 9.973568, 9.994203, 9.984733, 10.0, 9.934641, 9.982906, 10.0, 10.029851, 9.846154, 9.846154, 9.866667, 10.181818, 9.882353, 9.846154, 10.4, 10.0, 9.333333, 9.6, 10.666667, 10.666667, 8.0, 16.0, 16.0, 8.0, -inf, NaN, NaN, NaN, NaN, NaN, NaN, NaN, NaN, NaN, NaN, NaN, NaN, NaN, NaN, NaN, NaN, NaN, NaN, NaN, NaN, NaN, NaN, NaN, NaN, NaN, NaN, NaN, NaN, NaN, NaN, NaN, NaN, NaN, NaN, NaN, NaN, NaN, NaN, NaN, NaN, NaN, NaN, NaN]
Qtys: [-255.14203, -140.15472, -85.98657, -56.372375, -38.581055, -27.187805, -19.55597, -14.274872, -10.532135, -7.8323364, -5.8588257, -4.4018555, -3.3180847, -2.5073547, -1.8982849, -1.439209, -1.0922852, -0.8297119, -0.63064575, -0.47955322, -0.3647766, -0.2775879, -0.21124268, -0.16079712, -0.12243652, -0.09320068, -0.07095337, -0.054016113, -0.041137695, -0.031341553, -0.023864746, -0.018157959, -0.0138549805, -0.010528564, -0.0079956055, -0.0061035156, -0.0046691895, -0.0035705566, -0.0026855469, -0.0020446777, -0.0015869141, -0.0011901855, -0.00091552734, -0.0006713867, -0.0005187988, -0.00039672852, -0.00030517578, -0.00024414063, -0.00018310547, -0.00015258789, -9.1552734e-5, -9.1552734e-5, -6.1035156e-5, -3.0517578e-5, -3.0517578e-5, -3.0517578e-5, 0.0, 0.0, 0.0, 0.0, 0.0, 0.0, 0.0, 0.0, 0.0, 0.0, 0.0, 0.0, 0.0, 0.0, 0.0, 0.0, 0.0, 0.0, 0.0, 0.0, 0.0, 0.0, 0.0, 0.0, 0.0, 0.0, 0.0, 0.0, 0.0, 0.0, 0.0, 0.0, 0.0, 0.0, 0.0, 0.0, 0.0, 0.0, 0.0, 0.0, 0.0, 0.0, 0.0, 0.0]
-------------------------- Net Profits 2390.773 --------------------------
------------------------- 10 -------------------------
Parameters Node { alpha: 0.5, x: 999.0, y: 900.0 } against Node { alpha: 0.5, x: 100.0, y: 999.0 }
Profits: [413.10327, 365.06396, 314.65112, 265.4131, 219.83691, 179.35449, 144.53076, 115.31348, 91.27295, 71.79053, 56.1875, 43.804688, 34.047607, 26.401367, 20.435059, 15.794922, 12.194824, 9.407227, 7.2521973, 5.588135, 4.304199, 3.314209, 2.5512695, 1.9638672, 1.5112305, 1.1628418, 0.8947754, 0.68847656, 0.52978516, 0.4074707, 0.3137207, 0.24121094, 0.18554688, 0.14257813, 0.10986328, 0.084472656, 0.064941406, 0.050048828, 0.03857422, 0.029541016, 0.022949219, 0.017578125, 0.013427734, 0.010498047, 0.0078125, 0.0061035156, 0.004638672, 0.0034179688, 0.0026855469, 0.0021972656, 0.0017089844, 0.0012207031, 0.0009765625, 0.0007324219, 0.0007324219, 0.00048828125, 0.00024414063, 0.00024414063, 0.00024414063, 0.00024414063, 0.0, 0.0, 0.0, 0.0, 0.0, 0.0, 0.0, 0.0, 0.0, 0.0, 0.0, 0.0, 0.0, 0.0, 0.0, 0.0, 0.0, 0.0, 0.0, 0.0, 0.0, 0.0, 0.0, 0.0, 0.0, 0.0, 0.0, 0.0, 0.0, 0.0, 0.0, 0.0, 0.0, 0.0, 0.0, 0.0, 0.0, 0.0, 0.0, 0.0]
Prices: [1.7279342, 2.6887224, 3.6969757, 4.6817365, 5.593269, 6.4029074, 7.099383, 7.683735, 8.164534, 8.554173, 8.86627, 9.11389, 9.309058, 9.461999, 9.581273, 9.674169, 9.746103, 9.801774, 9.8450575, 9.87819, 9.903799, 9.924152, 9.938184, 9.950828, 9.959775, 9.967042, 9.9693985, 9.9734745, 9.982749, 9.979074, 9.990282, 9.992414, 10.0, 9.982906, 10.0, 9.99278, 9.99061, 10.0, 9.952756, 9.979382, 10.026667, 10.105263, 10.0, 10.117647, 9.846154, 10.0, 9.5, 9.333333, 9.777778, 10.285714, 9.333333, 10.0, 10.666667, 12.0, 12.0, 16.0, 8.0, -inf, 8.0, 8.0, NaN, NaN, NaN, NaN, NaN, NaN, NaN, NaN, NaN, NaN, NaN, NaN, NaN, NaN, NaN, NaN, NaN, NaN, NaN, NaN, NaN, NaN, NaN, NaN, NaN, NaN, NaN, NaN, NaN, NaN, NaN, NaN, NaN, NaN, NaN, NaN, NaN, NaN, NaN, NaN]
Qtys: [-239.07349, -135.776, -85.11041, -56.691162, -39.303833, -28.011414, -20.358215, -15.007477, -11.179199, -8.392456, -6.337219, -4.806366, -3.6574707, -2.7902527, -2.1328125, -1.6326904, -1.2512512, -0.9597473, -0.7366333, -0.56570435, -0.43460083, -0.33395386, -0.25671387, -0.19735718, -0.1517334, -0.1166687, -0.0897522, -0.06903076, -0.05307007, -0.04083252, -0.031402588, -0.024139404, -0.018554688, -0.014282227, -0.010986328, -0.008453369, -0.006500244, -0.005004883, -0.0038757324, -0.002960205, -0.0022888184, -0.001739502, -0.0013427734, -0.0010375977, -0.00079345703, -0.00061035156, -0.00048828125, -0.00036621094, -0.0002746582, -0.00021362305, -0.00018310547, -0.00012207031, -9.1552734e-5, -6.1035156e-5, -6.1035156e-5, -3.0517578e-5, -3.0517578e-5, 0.0, -3.0517578e-5, -3.0517578e-5, 0.0, 0.0, 0.0, 0.0, 0.0, 0.0, 0.0, 0.0, 0.0, 0.0, 0.0, 0.0, 0.0, 0.0, 0.0, 0.0, 0.0, 0.0, 0.0, 0.0, 0.0, 0.0, 0.0, 0.0, 0.0, 0.0, 0.0, 0.0, 0.0, 0.0, 0.0, 0.0, 0.0, 0.0, 0.0, 0.0, 0.0, 0.0, 0.0, 0.0]
-------------------------- Net Profits 2430.1309 --------------------------
------------------------- 11 -------------------------
Parameters Node { alpha: 0.5, x: 999.0, y: 1000.0 } against Node { alpha: 0.5, x: 100.0, y: 999.0 }
Profits: [408.5537, 361.8291, 313.12915, 265.61108, 221.50342, 182.11475, 147.98901, 119.11914, 95.148926, 75.538086, 59.67798, 46.96704, 36.85132, 28.845703, 22.537354, 17.583008, 13.702148, 10.668213, 8.300537, 6.454834, 5.017334, 3.8986816, 3.0288086, 2.352539, 1.8271484, 1.418457, 1.1015625, 0.8552246, 0.66381836, 0.515625, 0.40014648, 0.31054688, 0.2409668, 0.18701172, 0.14526367, 0.11279297, 0.087646484, 0.067871094, 0.052734375, 0.041015625, 0.03173828, 0.024414063, 0.019042969, 0.015136719, 0.011474609, 0.009033203, 0.0068359375, 0.0053710938, 0.0041503906, 0.0031738281, 0.0024414063, 0.001953125, 0.0014648438, 0.0009765625, 0.0009765625, 0.0007324219, 0.0007324219, 0.00048828125, 0.00048828125, 0.00024414063, 0.00024414063, 0.0, 0.0, 0.0, 0.0, 0.0, 0.0, 0.0, 0.0, 0.0, 0.0, 0.0, 0.0, 0.0, 0.0, 0.0, 0.0, 0.0, 0.0, 0.0, 0.0, 0.0, 0.0, 0.0, 0.0, 0.0, 0.0, 0.0, 0.0, 0.0, 0.0, 0.0, 0.0, 0.0, 0.0, 0.0, 0.0, 0.0, 0.0, 0.0]
Prices: [1.8189265, 2.753418, 3.7274165, 4.6777754, 5.5599275, 6.3477135, 7.030218, 7.607622, 8.087027, 8.479232, 8.796441, 9.050639, 9.252927, 9.413095, 9.5393, 9.638329, 9.715918, 9.776436, 9.823816, 9.8607, 9.889798, 9.911708, 9.928772, 9.942989, 9.953782, 9.961423, 9.968517, 9.972954, 9.973407, 9.979918, 9.978691, 9.986261, 9.982301, 9.980456, 9.979035, 9.989189, 10.0069685, 9.973094, 9.98844, 10.029851, 10.0, 10.0, 9.904762, 10.122449, 9.894737, 9.866667, 9.73913, 9.777778, 9.714286, 9.454545, 10.0, 9.142858, 9.6, 8.0, 10.666667, 12.0, 12.0, 16.0, 16.0, 8.0, 8.0, NaN, NaN, NaN, NaN, NaN, NaN, NaN, NaN, NaN, NaN, NaN, NaN, NaN, NaN, NaN, NaN, NaN, NaN, NaN, NaN, NaN, NaN, NaN, NaN, NaN, NaN, NaN, NaN, NaN, NaN, NaN, NaN, NaN, NaN, NaN, NaN, NaN, NaN, NaN]
Qtys: [-224.61255, -131.41089, -84.00702, -56.781494, -39.839264, -28.68982, -21.050415, -15.657867, -11.765625, -8.9086, -6.7843323, -5.1893616, -3.982666, -3.0644226, -2.3625793, -1.8242798, -1.4102783, -1.091217, -0.8449402, -0.65460205, -0.5073242, -0.39334106, -0.3050537, -0.23660278, -0.18356323, -0.14239502, -0.11050415, -0.085754395, -0.06655884, -0.05166626, -0.040100098, -0.031097412, -0.024139404, -0.018737793, -0.014556885, -0.011291504, -0.008758545, -0.00680542, -0.005279541, -0.0040893555, -0.0031738281, -0.0024414063, -0.0019226074, -0.0014953613, -0.001159668, -0.00091552734, -0.0007019043, -0.0005493164, -0.0004272461, -0.00033569336, -0.00024414063, -0.00021362305, -0.00015258789, -0.00012207031, -9.1552734e-5, -6.1035156e-5, -6.1035156e-5, -3.0517578e-5, -3.0517578e-5, -3.0517578e-5, -3.0517578e-5, 0.0, 0.0, 0.0, 0.0, 0.0, 0.0, 0.0, 0.0, 0.0, 0.0, 0.0, 0.0, 0.0, 0.0, 0.0, 0.0, 0.0, 0.0, 0.0, 0.0, 0.0, 0.0, 0.0, 0.0, 0.0, 0.0, 0.0, 0.0, 0.0, 0.0, 0.0, 0.0, 0.0, 0.0, 0.0, 0.0, 0.0, 0.0, 0.0]
-------------------------- Net Profits 2464.5908 --------------------------
