x: energy, y: token
------------------------- 1 -------------------------
Parameters Node { alpha: 0.5, x: 999.0, y: 100.0 } against Node { alpha: 0.5, x: 1.0, y: 999.0 }
Profits: [498.9505, 498.03656, 496.71155, 494.97937, 492.84595, 490.31836, 487.40454, 484.1145, 480.458, 476.44678, 472.09326, 467.4121, 462.41602, 457.12012, 451.54053, 445.69287, 439.59375, 433.26074, 426.70996, 419.95898, 413.0244, 405.9248, 398.67773, 391.2998, 383.80664, 376.21582, 368.54492, 360.80762, 353.0205, 345.19727, 337.35352, 329.50195, 321.65625, 313.83008, 306.03223, 298.27637, 290.57227, 282.93066, 275.36035, 267.8672, 260.4629, 253.1543, 245.94531, 238.84375, 231.85352, 224.98242, 218.23242, 211.60742, 205.11328, 198.74805, 192.51758, 186.42188, 180.46289, 174.64258, 168.95898, 163.41602, 158.01172, 152.7461, 147.61719, 142.625, 137.76953, 133.04883, 128.46289, 124.00586, 119.67969, 115.48242, 111.41016, 107.46094, 103.63281, 99.92383, 96.33203, 92.853516, 89.48828, 86.23242, 83.08203, 80.03516, 77.0918, 74.24414, 71.49414, 68.83789, 66.27344, 63.79492, 61.40625, 59.097656, 56.871094, 54.726563, 52.654297, 50.658203, 48.73047, 46.875, 45.085938, 43.36328, 41.70117, 40.101563, 38.560547, 37.07422, 35.64453, 34.26953, 32.94336, 31.667969]
Prices: [1.099, 2.926671, 5.5770416, 9.041334, 13.308136, 18.36346, 24.19087, 30.771563, 38.084526, 46.106583, 54.812737, 64.176254, 74.16863, 84.75999, 95.919304, 107.61445, 119.812256, 132.47908, 145.58095, 159.08322, 172.95053, 187.1488, 201.64342, 216.40102, 231.38591, 246.56604, 261.90942, 277.38412, 292.95984, 308.60526, 324.29245, 339.99582, 355.6856, 371.3407, 386.93558, 402.44666, 417.85355, 433.1391, 448.2814, 463.26447, 478.07578, 492.69733, 507.11505, 521.3147, 535.29034, 549.0341, 562.5342, 575.7841, 588.77423, 601.50555, 613.969, 626.1612, 638.07587, 649.7148, 661.0783, 672.1667, 682.9818, 693.51495, 703.7666, 713.7417, 723.45215, 732.8995, 742.0841, 750.9909, 759.64435, 768.03894, 776.18475, 784.08575, 791.7326, 799.1467, 806.33704, 813.2776, 820.02325, 826.5347, 832.83453, 838.9274, 844.8289, 850.51044, 856.0031, 861.3164, 866.44977, 871.3991, 876.1855, 880.7832, 885.2453, 889.5514, 893.6878, 897.7046, 901.51025, 905.2601, 908.83984, 912.3133, 915.5921, 918.7942, 921.9222, 924.8058, 927.6744, 930.45593, 933.1069, 935.6515]
Qtys: [-454.0041, -170.17169, -89.06363, -54.746277, -37.033432, -26.70076, -20.148285, -15.732529, -12.61557, -10.333595, -8.612839, -7.2832565, -6.2346573, -5.393112, -4.7075043, -4.141571, -3.6690216, -3.2704086, -2.9310837, -2.6398697, -2.3881073, -2.168995, -1.9771423, -1.8082161, -1.6587296, -1.5258217, -1.4071465, -1.3007507, -1.2050133, -1.1185722, -1.0402756, -0.9691353, -0.9043274, -0.8451271, -0.7909126, -0.74115753, -0.6953926, -0.6532097, -0.6142578, -0.57821655, -0.54481506, -0.513813, -0.48498917, -0.4581566, -0.433136, -0.4097786, -0.38794518, -0.36751175, -0.3483734, -0.33041763, -0.3135624, -0.29772186, -0.28282356, -0.26879883, -0.2555809, -0.24311829, -0.23135567, -0.22024918, -0.20975304, -0.1998272, -0.1904335, -0.18153763, -0.17311096, -0.16512299, -0.157547, -0.1503601, -0.14353561, -0.13705254, -0.1308937, -0.12503815, -0.11946869, -0.11417198, -0.10912895, -0.10433006, -0.09975815, -0.095401764, -0.09125137, -0.087293625, -0.08352089, -0.07992172, -0.076488495, -0.07320976, -0.07008362, -0.06709671, -0.06424332, -0.06152153, -0.058918, -0.056430817, -0.05405426, -0.0517807, -0.04960823, -0.047531128, -0.045545578, -0.04364586, -0.04182625, -0.040088654, -0.03842354, -0.036830902, -0.035305023, -0.0338459]
-------------------------- Net Profits 23094.396 --------------------------
------------------------- 2 -------------------------
Parameters Node { alpha: 0.5, x: 999.0, y: 100.0 } against Node { alpha: 0.5, x: 100.0, y: 999.0 }
Profits: [449.5, 380.2929, 302.68073, 229.40967, 167.5122, 119.01416, 82.923096, 56.993896, 38.806396, 26.254028, 17.685059, 11.878052, 7.962036, 5.3302, 3.5651855, 2.3830566, 1.5922852, 1.0638428, 0.71032715, 0.47436523, 0.31689453, 0.21166992, 0.14123535, 0.09436035, 0.06298828, 0.042114258, 0.028076172, 0.018676758, 0.012451172, 0.008300781, 0.0056152344, 0.0037841797, 0.002319336, 0.0017089844, 0.0012207031, 0.0007324219, 0.00048828125, 0.00036621094, 0.00012207031, 0.0, 0.0, 0.0, 0.0, 0.0, 0.0, 0.0, 0.0, 0.0, 0.0, 0.0, 0.0, 0.0, 0.0, 0.0, 0.0, 0.0, 0.0, 0.0, 0.0, 0.0, 0.0, 0.0, 0.0, 0.0, 0.0, 0.0, 0.0, 0.0, 0.0, 0.0, 0.0, 0.0, 0.0, 0.0, 0.0, 0.0, 0.0, 0.0, 0.0, 0.0, 0.0, 0.0, 0.0, 0.0, 0.0, 0.0, 0.0, 0.0, 0.0, 0.0, 0.0, 0.0, 0.0, 0.0, 0.0, 0.0, 0.0, 0.0, 0.0, 0.0]
Prices: [1.0, 2.384142, 3.9363883, 5.401808, 6.6397524, 7.6097126, 8.331542, 8.850127, 9.213883, 9.464939, 9.636316, 9.752443, 9.830815, 9.883431, 9.918832, 9.94245, 9.958202, 9.968544, 9.974716, 9.980096, 9.984615, 9.987041, 9.984898, 9.990307, 9.995157, 10.0, 10.0, 9.95122, 9.95122, 10.074074, 9.945946, 9.92, 9.5, 10.181818, 10.0, 9.6, 10.666667, 12.0, -inf, NaN, NaN, NaN, NaN, NaN, NaN, NaN, NaN, NaN, NaN, NaN, NaN, NaN, NaN, NaN, NaN, NaN, NaN, NaN, NaN, NaN, NaN, NaN, NaN, NaN, NaN, NaN, NaN, NaN, NaN, NaN, NaN, NaN, NaN, NaN, NaN, NaN, NaN, NaN, NaN, NaN, NaN, NaN, NaN, NaN, NaN, NaN, NaN, NaN, NaN, NaN, NaN, NaN, NaN, NaN, NaN, NaN, NaN, NaN, NaN, NaN]
Qtys: [-449.5, -159.50934, -76.893005, -42.469055, -25.228683, -15.6397705, -9.952911, -6.4398956, -4.211731, -2.773819, -1.8352509, -1.2179565, -0.809906, -0.53930664, -0.35943604, -0.23968506, -0.15989685, -0.10671997, -0.07121277, -0.047531128, -0.03173828, -0.021194458, -0.014144897, -0.00944519, -0.00630188, -0.004211426, -0.0028076172, -0.001876831, -0.0012512207, -0.0008239746, -0.0005645752, -0.00038146973, -0.00024414063, -0.00016784668, -0.00012207031, -7.6293945e-5, -4.5776367e-5, -3.0517578e-5, 0.0, 0.0, 0.0, 0.0, 0.0, 0.0, 0.0, 0.0, 0.0, 0.0, 0.0, 0.0, 0.0, 0.0, 0.0, 0.0, 0.0, 0.0, 0.0, 0.0, 0.0, 0.0, 0.0, 0.0, 0.0, 0.0, 0.0, 0.0, 0.0, 0.0, 0.0, 0.0, 0.0, 0.0, 0.0, 0.0, 0.0, 0.0, 0.0, 0.0, 0.0, 0.0, 0.0, 0.0, 0.0, 0.0, 0.0, 0.0, 0.0, 0.0, 0.0, 0.0, 0.0, 0.0, 0.0, 0.0, 0.0, 0.0, 0.0, 0.0, 0.0, 0.0]
-------------------------- Net Profits 1906.9846 --------------------------
------------------------- 3 -------------------------
Parameters Node { alpha: 0.5, x: 999.0, y: 100.0 } against Node { alpha: 0.5, x: 200.0, y: 999.0 }
Profits: [407.8403, 299.6669, 200.4544, 125.80548, 75.822754, 44.587646, 25.841309, 14.850586, 8.493164, 4.843628, 2.7579346, 1.5689697, 0.8922119, 0.5070801, 0.288208, 0.16381836, 0.09301758, 0.052856445, 0.030029297, 0.017089844, 0.009765625, 0.005493164, 0.0030517578, 0.0018310547, 0.0010986328, 0.00048828125, 0.00024414063, 0.00024414063, 0.0, 0.0, 0.0, 0.0, 0.0, 0.0, 0.0, 0.0, 0.0, 0.0, 0.0, 0.0, 0.0, 0.0, 0.0, 0.0, 0.0, 0.0, 0.0, 0.0, 0.0, 0.0, 0.0, 0.0, 0.0, 0.0, 0.0, 0.0, 0.0, 0.0, 0.0, 0.0, 0.0, 0.0, 0.0, 0.0, 0.0, 0.0, 0.0, 0.0, 0.0, 0.0, 0.0, 0.0, 0.0, 0.0, 0.0, 0.0, 0.0, 0.0, 0.0, 0.0, 0.0, 0.0, 0.0, 0.0, 0.0, 0.0, 0.0, 0.0, 0.0, 0.0, 0.0, 0.0, 0.0, 0.0, 0.0, 0.0, 0.0, 0.0, 0.0, 0.0]
Prices: [0.9165971, 1.9983306, 2.9904552, 3.7369432, 4.2367764, 4.549128, 4.736581, 4.8464665, 4.910092, 4.946581, 4.967405, 4.9793706, 4.9865255, 4.98979, 4.9915433, 4.9934883, 4.9967213, 4.9913545, 4.994924, 5.0, 5.0, 5.0, 5.0, 5.0, 5.142857, 4.0, 4.0, 8.0, NaN, NaN, NaN, NaN, NaN, NaN, NaN, NaN, NaN, NaN, NaN, NaN, NaN, NaN, NaN, NaN, NaN, NaN, NaN, NaN, NaN, NaN, NaN, NaN, NaN, NaN, NaN, NaN, NaN, NaN, NaN, NaN, NaN, NaN, NaN, NaN, NaN, NaN, NaN, NaN, NaN, NaN, NaN, NaN, NaN, NaN, NaN, NaN, NaN, NaN, NaN, NaN, NaN, NaN, NaN, NaN, NaN, NaN, NaN, NaN, NaN, NaN, NaN, NaN, NaN, NaN, NaN, NaN, NaN, NaN, NaN, NaN]
Qtys: [-444.95044, -149.95862, -67.0314, -33.665344, -17.896332, -9.801361, -5.4556885, -3.064209, -1.7297363, -0.979187, -0.5552063, -0.315094, -0.17892456, -0.101623535, -0.057739258, -0.032806396, -0.018615723, -0.0105896, -0.006011963, -0.0034179688, -0.001953125, -0.0010986328, -0.00061035156, -0.00036621094, -0.00021362305, -0.00012207031, -6.1035156e-5, -3.0517578e-5, 0.0, 0.0, 0.0, 0.0, 0.0, 0.0, 0.0, 0.0, 0.0, 0.0, 0.0, 0.0, 0.0, 0.0, 0.0, 0.0, 0.0, 0.0, 0.0, 0.0, 0.0, 0.0, 0.0, 0.0, 0.0, 0.0, 0.0, 0.0, 0.0, 0.0, 0.0, 0.0, 0.0, 0.0, 0.0, 0.0, 0.0, 0.0, 0.0, 0.0, 0.0, 0.0, 0.0, 0.0, 0.0, 0.0, 0.0, 0.0, 0.0, 0.0, 0.0, 0.0, 0.0, 0.0, 0.0, 0.0, 0.0, 0.0, 0.0, 0.0, 0.0, 0.0, 0.0, 0.0, 0.0, 0.0, 0.0, 0.0, 0.0, 0.0, 0.0, 0.0]
-------------------------- Net Profits 1214.5996 --------------------------
------------------------- 4 -------------------------
Parameters Node { alpha: 0.5, x: 999.0, y: 100.0 } against Node { alpha: 0.5, x: 300.0, y: 999.0 }
Profits: [372.5947, 242.40775, 141.0055, 76.73364, 40.248413, 20.703857, 10.543457, 5.341797, 2.6993408, 1.3621826, 0.6870117, 0.34631348, 0.17462158, 0.08807373, 0.044311523, 0.022338867, 0.011230469, 0.0056762695, 0.0028686523, 0.0014648438, 0.0007324219, 0.00036621094, 0.00024414063, 0.00012207031, 6.1035156e-5, 0.0, 0.0, 0.0, 0.0, 0.0, 0.0, 0.0, 0.0, 0.0, 0.0, 0.0, 0.0, 0.0, 0.0, 0.0, 0.0, 0.0, 0.0, 0.0, 0.0, 0.0, 0.0, 0.0, 0.0, 0.0, 0.0, 0.0, 0.0, 0.0, 0.0, 0.0, 0.0, 0.0, 0.0, 0.0, 0.0, 0.0, 0.0, 0.0, 0.0, 0.0, 0.0, 0.0, 0.0, 0.0, 0.0, 0.0, 0.0, 0.0, 0.0, 0.0, 0.0, 0.0, 0.0, 0.0, 0.0, 0.0, 0.0, 0.0, 0.0, 0.0, 0.0, 0.0, 0.0, 0.0, 0.0, 0.0, 0.0, 0.0, 0.0, 0.0, 0.0, 0.0, 0.0, 0.0]
Prices: [0.8460354, 1.7139485, 2.3899632, 2.8184419, 3.0616765, 3.1919677, 3.2597206, 3.2944365, 3.3120646, 3.3208838, 3.3252585, 3.3278592, 3.3286796, 3.3287196, 3.3302753, 3.3272727, 3.3153152, 3.3214285, 3.357143, 3.4285715, 3.4285715, 4.0, 4.0, 4.0, 2.0, NaN, NaN, NaN, NaN, NaN, NaN, NaN, NaN, NaN, NaN, NaN, NaN, NaN, NaN, NaN, NaN, NaN, NaN, NaN, NaN, NaN, NaN, NaN, NaN, NaN, NaN, NaN, NaN, NaN, NaN, NaN, NaN, NaN, NaN, NaN, NaN, NaN, NaN, NaN, NaN, NaN, NaN, NaN, NaN, NaN, NaN, NaN, NaN, NaN, NaN, NaN, NaN, NaN, NaN, NaN, NaN, NaN, NaN, NaN, NaN, NaN, NaN, NaN, NaN, NaN, NaN, NaN, NaN, NaN, NaN, NaN, NaN, NaN, NaN, NaN]
Qtys: [-440.40082, -141.43234, -58.999023, -27.225555, -13.145874, -6.4862366, -3.2344666, -1.62146, -0.81500244, -0.41018677, -0.206604, -0.10406494, -0.052459717, -0.02645874, -0.013305664, -0.006713867, -0.0033874512, -0.0017089844, -0.0008544922, -0.0004272461, -0.00021362305, -9.1552734e-5, -6.1035156e-5, -3.0517578e-5, -3.0517578e-5, 0.0, 0.0, 0.0, 0.0, 0.0, 0.0, 0.0, 0.0, 0.0, 0.0, 0.0, 0.0, 0.0, 0.0, 0.0, 0.0, 0.0, 0.0, 0.0, 0.0, 0.0, 0.0, 0.0, 0.0, 0.0, 0.0, 0.0, 0.0, 0.0, 0.0, 0.0, 0.0, 0.0, 0.0, 0.0, 0.0, 0.0, 0.0, 0.0, 0.0, 0.0, 0.0, 0.0, 0.0, 0.0, 0.0, 0.0, 0.0, 0.0, 0.0, 0.0, 0.0, 0.0, 0.0, 0.0, 0.0, 0.0, 0.0, 0.0, 0.0, 0.0, 0.0, 0.0, 0.0, 0.0, 0.0, 0.0, 0.0, 0.0, 0.0, 0.0, 0.0, 0.0, 0.0, 0.0]
-------------------------- Net Profits 915.02606 --------------------------
------------------------- 5 -------------------------
Parameters Node { alpha: 0.5, x: 999.0, y: 100.0 } against Node { alpha: 0.5, x: 400.0, y: 999.0 }
Profits: [342.3878, 200.1926, 103.64191, 50.288025, 23.632202, 10.938538, 5.027527, 2.3032837, 1.0535889, 0.48162842, 0.22009277, 0.1005249, 0.045959473, 0.020996094, 0.0095825195, 0.0043945313, 0.001953125, 0.0009765625, 0.00036621094, 0.00024414063, 6.1035156e-5, 6.1035156e-5, 0.0, 0.0, 0.0, 0.0, 0.0, 0.0, 0.0, 0.0, 0.0, 0.0, 0.0, 0.0, 0.0, 0.0, 0.0, 0.0, 0.0, 0.0, 0.0, 0.0, 0.0, 0.0, 0.0, 0.0, 0.0, 0.0, 0.0, 0.0, 0.0, 0.0, 0.0, 0.0, 0.0, 0.0, 0.0, 0.0, 0.0, 0.0, 0.0, 0.0, 0.0, 0.0, 0.0, 0.0, 0.0, 0.0, 0.0, 0.0, 0.0, 0.0, 0.0, 0.0, 0.0, 0.0, 0.0, 0.0, 0.0, 0.0, 0.0, 0.0, 0.0, 0.0, 0.0, 0.0, 0.0, 0.0, 0.0, 0.0, 0.0, 0.0, 0.0, 0.0, 0.0, 0.0, 0.0, 0.0, 0.0, 0.0]
Prices: [0.7855612, 1.496537, 1.9792906, 2.2460604, 2.37934, 2.4427967, 2.4723785, 2.4859684, 2.4921677, 2.495178, 2.4963655, 2.4954545, 2.4975123, 2.5018182, 2.4920635, 2.4827585, 2.4615386, 2.6666667, 2.4, 2.6666667, 2.0, 2.0, NaN, NaN, NaN, NaN, NaN, NaN, NaN, NaN, NaN, NaN, NaN, NaN, NaN, NaN, NaN, NaN, NaN, NaN, NaN, NaN, NaN, NaN, NaN, NaN, NaN, NaN, NaN, NaN, NaN, NaN, NaN, NaN, NaN, NaN, NaN, NaN, NaN, NaN, NaN, NaN, NaN, NaN, NaN, NaN, NaN, NaN, NaN, NaN, NaN, NaN, NaN, NaN, NaN, NaN, NaN, NaN, NaN, NaN, NaN, NaN, NaN, NaN, NaN, NaN, NaN, NaN, NaN, NaN, NaN, NaN, NaN, NaN, NaN, NaN, NaN, NaN, NaN, NaN]
Qtys: [-435.8512, -133.77057, -52.36316, -22.389435, -9.932251, -4.4778748, -2.0334778, -0.9265137, -0.42276, -0.19302368, -0.08816528, -0.040283203, -0.0184021, -0.008392334, -0.0038452148, -0.0017700195, -0.00079345703, -0.00036621094, -0.00015258789, -9.1552734e-5, -3.0517578e-5, -3.0517578e-5, 0.0, 0.0, 0.0, 0.0, 0.0, 0.0, 0.0, 0.0, 0.0, 0.0, 0.0, 0.0, 0.0, 0.0, 0.0, 0.0, 0.0, 0.0, 0.0, 0.0, 0.0, 0.0, 0.0, 0.0, 0.0, 0.0, 0.0, 0.0, 0.0, 0.0, 0.0, 0.0, 0.0, 0.0, 0.0, 0.0, 0.0, 0.0, 0.0, 0.0, 0.0, 0.0, 0.0, 0.0, 0.0, 0.0, 0.0, 0.0, 0.0, 0.0, 0.0, 0.0, 0.0, 0.0, 0.0, 0.0, 0.0, 0.0, 0.0, 0.0, 0.0, 0.0, 0.0, 0.0, 0.0, 0.0, 0.0, 0.0, 0.0, 0.0, 0.0, 0.0, 0.0, 0.0, 0.0, 0.0, 0.0, 0.0]
-------------------------- Net Profits 740.3523 --------------------------
------------------------- 6 -------------------------
Parameters Node { alpha: 0.5, x: 999.0, y: 100.0 } against Node { alpha: 0.5, x: 500.0, y: 999.0 }
Profits: [316.21115, 168.1304, 78.78046, 34.72174, 14.889038, 6.309265, 2.6600952, 1.1191406, 0.47045898, 0.19769287, 0.08306885, 0.034851074, 0.0146484375, 0.006164551, 0.0025634766, 0.0010986328, 0.00048828125, 0.00018310547, 6.1035156e-5, 0.0]
Prices: [0.7331555, 1.3254784, 1.6828783, 1.8591125, 1.9384476, 1.9727666, 1.9873236, 1.9934769, 1.9961154, 1.9969174, 1.9985316, 1.9965035, 2.0, 2.0, 1.9534883, 2.0, 2.0, 2.0, 1.0, NaN]
Qtys: [-431.30164, -126.84506, -46.812927, -18.676514, -7.680908, -3.1981812, -1.3385315, -0.56140137, -0.23568726, -0.09899902, -0.04156494, -0.017456055, -0.0073242188, -0.0030822754, -0.0013122559, -0.0005493164, -0.00024414063, -9.1552734e-5, -6.1035156e-5, 0.0]
-------------------------- Net Profits 623.63257 --------------------------
------------------------- 7 -------------------------
Parameters Node { alpha: 0.5, x: 999.0, y: 100.0 } against Node { alpha: 0.5, x: 600.0, y: 999.0 }
Profits: [293.30862, 143.18234, 61.49585, 24.948303, 9.885986, 3.8807983, 1.5178223, 0.59277344, 0.23138428, 0.09033203, 0.035217285, 0.01373291, 0.0053100586, 0.0021362305, 0.00079345703, 0.00030517578, 0.00012207031, 6.1035156e-5, 0.0, 0.0, 0.0]
Prices: [0.6873045, 1.1877251, 1.4600135, 1.58184, 1.6320502, 1.6520429, 1.6599139, 1.6630137, 1.6641791, 1.664792, 1.6628242, 1.6666666, 1.6571429, 1.6666666, 1.625, 1.6666666, 2.0, 2.0, 0.0, 0.0, NaN]
Qtys: [-426.75208, -120.55176, -42.120056, -15.771698, -6.0574036, -2.3490906, -0.9143982, -0.3564453, -0.13903809, -0.054260254, -0.0211792, -0.008239746, -0.0032043457, -0.0012817383, -0.00048828125, -0.00018310547, -6.1035156e-5, -3.0517578e-5, -3.0517578e-5, -3.0517578e-5, 0.0]
-------------------------- Net Profits 539.1919 --------------------------
------------------------- 8 -------------------------
Parameters Node { alpha: 0.5, x: 999.0, y: 100.0 } against Node { alpha: 0.5, x: 700.0, y: 999.0 }
Profits: [273.1021, 123.37479, 49.052155, 18.500366, 6.8378296, 2.5083618, 0.91760254, 0.33532715, 0.122558594, 0.044799805, 0.016357422, 0.0059814453, 0.0021972656, 0.0007324219, 0.00024414063, 0.00012207031, 6.1035156e-5, 0.0, 0.0, 0.0, 0.0, 0.0, 0.0, 0.0, 0.0, 0.0, 0.0, 0.0, 0.0, 0.0, 0.0, 0.0, 0.0, 0.0, 0.0, 0.0, 0.0, 0.0, 0.0, 0.0, 0.0, 0.0, 0.0, 0.0, 0.0, 0.0, 0.0, 0.0, 0.0, 0.0, 0.0, 0.0, 0.0, 0.0, 0.0, 0.0, 0.0, 0.0, 0.0, 0.0, 0.0, 0.0, 0.0, 0.0, 0.0, 0.0, 0.0, 0.0, 0.0, 0.0, 0.0, 0.0, 0.0, 0.0, 0.0, 0.0, 0.0, 0.0, 0.0, 0.0, 0.0, 0.0, 0.0, 0.0, 0.0, 0.0, 0.0, 0.0, 0.0, 0.0, 0.0, 0.0, 0.0, 0.0, 0.0, 0.0, 0.0, 0.0, 0.0, 0.0]
Prices: [0.64685106, 1.0746434, 1.286994, 1.3742839, 1.4076103, 1.4199779, 1.4245511, 1.426272, 1.42715, 1.4280156, 1.4293333, 1.4306569, 1.44, 1.3333334, 1.3333334, 1.3333334, 2.0, NaN, NaN, NaN, NaN, NaN, NaN, NaN, NaN, NaN, NaN, NaN, NaN, NaN, NaN, NaN, NaN, NaN, NaN, NaN, NaN, NaN, NaN, NaN, NaN, NaN, NaN, NaN, NaN, NaN, NaN, NaN, NaN, NaN, NaN, NaN, NaN, NaN, NaN, NaN, NaN, NaN, NaN, NaN, NaN, NaN, NaN, NaN, NaN, NaN, NaN, NaN, NaN, NaN, NaN, NaN, NaN, NaN, NaN, NaN, NaN, NaN, NaN, NaN, NaN, NaN, NaN, NaN, NaN, NaN, NaN, NaN, NaN, NaN, NaN, NaN, NaN, NaN, NaN, NaN, NaN, NaN, NaN, NaN]
Qtys: [-422.20245, -114.80533, -38.11374, -13.4618225, -4.8577576, -1.7664795, -0.6441345, -0.23510742, -0.085876465, -0.03137207, -0.011444092, -0.004180908, -0.0015258789, -0.0005493164, -0.00018310547, -9.1552734e-5, -3.0517578e-5, 0.0, 0.0, 0.0, 0.0, 0.0, 0.0, 0.0, 0.0, 0.0, 0.0, 0.0, 0.0, 0.0, 0.0, 0.0, 0.0, 0.0, 0.0, 0.0, 0.0, 0.0, 0.0, 0.0, 0.0, 0.0, 0.0, 0.0, 0.0, 0.0, 0.0, 0.0, 0.0, 0.0, 0.0, 0.0, 0.0, 0.0, 0.0, 0.0, 0.0, 0.0, 0.0, 0.0, 0.0, 0.0, 0.0, 0.0, 0.0, 0.0, 0.0, 0.0, 0.0, 0.0, 0.0, 0.0, 0.0, 0.0, 0.0, 0.0, 0.0, 0.0, 0.0, 0.0, 0.0, 0.0, 0.0, 0.0, 0.0, 0.0, 0.0, 0.0, 0.0, 0.0, 0.0, 0.0, 0.0, 0.0, 0.0, 0.0, 0.0, 0.0, 0.0, 0.0]
-------------------------- Net Profits 474.8216 --------------------------
------------------------- 9 -------------------------
Parameters Node { alpha: 0.5, x: 999.0, y: 100.0 } against Node { alpha: 0.5, x: 800.0, y: 999.0 }
Profits: [255.142, 107.37784, 39.834656, 14.075623, 4.887512, 1.6867676, 0.5809326, 0.19995117, 0.068725586, 0.02368164, 0.008178711, 0.0028076172, 0.0009765625, 0.00030517578, 0.00012207031, 6.1035156e-5, 0.0]
Prices: [0.6108949, 0.9803053, 1.1491629, 1.213562, 1.236529, 1.2445285, 1.2473626, 1.2484756, 1.248337, 1.2495974, 1.2465116, 1.2602739, 1.28, 1.25, 1.3333334, 2.0, NaN]
Qtys: [-417.65283, -109.535095, -34.664063, -11.598602, -3.9526062, -1.3553467, -0.46572876, -0.16015625, -0.05505371, -0.018951416, -0.0065612793, -0.0022277832, -0.00076293945, -0.00024414063, -9.1552734e-5, -3.0517578e-5, 0.0]
-------------------------- Net Profits 423.89014 --------------------------
------------------------- 10 -------------------------
Parameters Node { alpha: 0.5, x: 999.0, y: 100.0 } against Node { alpha: 0.5, x: 900.0, y: 999.0 }
Profits: [239.07346, 94.267914, 32.842896, 10.940247, 3.589386, 1.1717529, 0.38189697, 0.124420166, 0.040527344, 0.013183594, 0.0043029785, 0.001373291, 0.00048828125, 0.00015258789, 3.0517578e-5, 0.0, 0.0, 0.0, 0.0, 0.0, 0.0, 0.0, 0.0, 0.0, 0.0, 0.0, 0.0, 0.0, 0.0, 0.0, 0.0, 0.0, 0.0, 0.0, 0.0, 0.0, 0.0, 0.0, 0.0, 0.0, 0.0, 0.0, 0.0, 0.0, 0.0, 0.0, 0.0, 0.0, 0.0, 0.0, 0.0, 0.0, 0.0, 0.0, 0.0, 0.0, 0.0, 0.0, 0.0, 0.0, 0.0, 0.0, 0.0, 0.0, 0.0, 0.0, 0.0, 0.0, 0.0, 0.0, 0.0, 0.0, 0.0, 0.0, 0.0, 0.0, 0.0, 0.0, 0.0, 0.0, 0.0, 0.0, 0.0, 0.0, 0.0, 0.0, 0.0, 0.0, 0.0, 0.0, 0.0, 0.0, 0.0, 0.0, 0.0, 0.0, 0.0, 0.0, 0.0, 0.0]
Prices: [0.57872564, 0.90051585, 1.0370165, 1.0856885, 1.1020257, 1.1074065, 1.1091021, 1.1096897, 1.1103679, 1.1076924, 1.1102362, 1.097561, 1.1428572, 1.0, 1.0, NaN, NaN, NaN, NaN, NaN, NaN, NaN, NaN, NaN, NaN, NaN, NaN, NaN, NaN, NaN, NaN, NaN, NaN, NaN, NaN, NaN, NaN, NaN, NaN, NaN, NaN, NaN, NaN, NaN, NaN, NaN, NaN, NaN, NaN, NaN, NaN, NaN, NaN, NaN, NaN, NaN, NaN, NaN, NaN, NaN, NaN, NaN, NaN, NaN, NaN, NaN, NaN, NaN, NaN, NaN, NaN, NaN, NaN, NaN, NaN, NaN, NaN, NaN, NaN, NaN, NaN, NaN, NaN, NaN, NaN, NaN, NaN, NaN, NaN, NaN, NaN, NaN, NaN, NaN, NaN, NaN, NaN, NaN, NaN, NaN]
Qtys: [-413.10327, -104.68213, -31.670563, -10.076782, -3.25708, -1.0581055, -0.34432983, -0.11212158, -0.036499023, -0.0119018555, -0.0038757324, -0.0012512207, -0.0004272461, -0.00015258789, -3.0517578e-5, 0.0, 0.0, 0.0, 0.0, 0.0, 0.0, 0.0, 0.0, 0.0, 0.0, 0.0, 0.0, 0.0, 0.0, 0.0, 0.0, 0.0, 0.0, 0.0, 0.0, 0.0, 0.0, 0.0, 0.0, 0.0, 0.0, 0.0, 0.0, 0.0, 0.0, 0.0, 0.0, 0.0, 0.0, 0.0, 0.0, 0.0, 0.0, 0.0, 0.0, 0.0, 0.0, 0.0, 0.0, 0.0, 0.0, 0.0, 0.0, 0.0, 0.0, 0.0, 0.0, 0.0, 0.0, 0.0, 0.0, 0.0, 0.0, 0.0, 0.0, 0.0, 0.0, 0.0, 0.0, 0.0, 0.0, 0.0, 0.0, 0.0, 0.0, 0.0, 0.0, 0.0, 0.0, 0.0, 0.0, 0.0, 0.0, 0.0, 0.0, 0.0, 0.0, 0.0, 0.0, 0.0]
-------------------------- Net Profits 382.45203 --------------------------
------------------------- 11 -------------------------
Parameters Node { alpha: 0.5, x: 999.0, y: 100.0 } against Node { alpha: 0.5, x: 1000.0, y: 999.0 }
Profits: [224.61255, 83.38641, 27.431793, 8.658234, 2.6967773, 0.8364868, 0.25915527, 0.080200195, 0.024871826, 0.007659912, 0.002380371, 0.0007324219, 0.00024414063, 6.1035156e-5, 0.0, 0.0, 0.0, 0.0, 0.0, 0.0, 0.0, 0.0, 0.0, 0.0, 0.0, 0.0, 0.0, 0.0, 0.0, 0.0, 0.0, 0.0, 0.0, 0.0, 0.0, 0.0, 0.0, 0.0, 0.0, 0.0, 0.0, 0.0, 0.0, 0.0, 0.0, 0.0, 0.0, 0.0, 0.0, 0.0, 0.0, 0.0, 0.0, 0.0, 0.0, 0.0, 0.0, 0.0, 0.0, 0.0, 0.0, 0.0, 0.0, 0.0, 0.0, 0.0, 0.0, 0.0, 0.0, 0.0, 0.0, 0.0, 0.0, 0.0, 0.0, 0.0, 0.0, 0.0, 0.0, 0.0, 0.0, 0.0, 0.0, 0.0, 0.0, 0.0, 0.0, 0.0, 0.0, 0.0, 0.0, 0.0, 0.0, 0.0, 0.0, 0.0, 0.0, 0.0, 0.0, 0.0]
Prices: [0.5497748, 0.832227, 0.9441365, 0.9816821, 0.9936022, 0.99730754, 0.9984715, 0.99848026, 0.9987745, 0.99603176, 0.98734176, 0.96, 1.0, 0.6666667, NaN, NaN, NaN, NaN, NaN, NaN, NaN, NaN, NaN, NaN, NaN, NaN, NaN, NaN, NaN, NaN, NaN, NaN, NaN, NaN, NaN, NaN, NaN, NaN, NaN, NaN, NaN, NaN, NaN, NaN, NaN, NaN, NaN, NaN, NaN, NaN, NaN, NaN, NaN, NaN, NaN, NaN, NaN, NaN, NaN, NaN, NaN, NaN, NaN, NaN, NaN, NaN, NaN, NaN, NaN, NaN, NaN, NaN, NaN, NaN, NaN, NaN, NaN, NaN, NaN, NaN, NaN, NaN, NaN, NaN, NaN, NaN, NaN, NaN, NaN, NaN, NaN, NaN, NaN, NaN, NaN, NaN, NaN, NaN, NaN, NaN]
Qtys: [-408.5537, -100.19672, -29.054901, -8.819794, -2.7141418, -0.8387451, -0.259552, -0.080322266, -0.024902344, -0.0076904297, -0.0024108887, -0.00076293945, -0.00024414063, -9.1552734e-5, 0.0, 0.0, 0.0, 0.0, 0.0, 0.0, 0.0, 0.0, 0.0, 0.0, 0.0, 0.0, 0.0, 0.0, 0.0, 0.0, 0.0, 0.0, 0.0, 0.0, 0.0, 0.0, 0.0, 0.0, 0.0, 0.0, 0.0, 0.0, 0.0, 0.0, 0.0, 0.0, 0.0, 0.0, 0.0, 0.0, 0.0, 0.0, 0.0, 0.0, 0.0, 0.0, 0.0, 0.0, 0.0, 0.0, 0.0, 0.0, 0.0, 0.0, 0.0, 0.0, 0.0, 0.0, 0.0, 0.0, 0.0, 0.0, 0.0, 0.0, 0.0, 0.0, 0.0, 0.0, 0.0, 0.0, 0.0, 0.0, 0.0, 0.0, 0.0, 0.0, 0.0, 0.0, 0.0, 0.0, 0.0, 0.0, 0.0, 0.0, 0.0, 0.0, 0.0, 0.0, 0.0, 0.0]
-------------------------- Net Profits 347.99756 --------------------------
