x: energy, y: token
------------------------- 1 -------------------------
Parameters Node { alpha: 0.5, x: 999.0, y: 1.0 } against Node { alpha: 0.5, x: 1.0, y: 999.0 }
Profits: [499.0, 498.00403, 496.5155, 494.54028, 492.08618, 489.16284, 485.78174, 481.9558, 477.69922, 473.0288, 467.96094, 462.51465, 456.70898, 450.56494, 444.10303, 437.3457, 430.31445, 423.0332, 415.52148, 407.80664, 399.90723, 391.84863, 383.6504, 375.33594, 366.92773, 358.44336, 349.90527, 341.33105, 332.74023, 324.14844, 315.57617, 307.03516, 298.54297, 290.11133, 281.75586, 273.48633, 265.31348, 257.24902, 249.30176, 241.47852, 233.79004, 226.23828, 218.83301, 211.5752, 204.47461, 197.53125, 190.7461, 184.125, 177.66797, 171.37695, 165.25195, 159.29297, 153.5, 147.8711, 142.41016, 137.10742, 131.96875, 126.98828, 122.166016, 117.49609, 112.978516, 108.61133, 104.390625, 100.31055, 96.37305, 92.57031, 88.90234, 85.36328, 81.953125, 78.66406, 75.49609, 72.44531, 69.50781, 66.67969, 63.95703, 61.339844, 58.820313, 56.40039, 54.072266, 51.835938, 49.683594, 47.61914, 45.634766, 43.73047, 41.90039, 40.14258, 38.45703, 36.839844, 35.289063, 33.79883, 32.36914, 31.0, 29.685547, 28.425781, 27.216797, 26.058594, 24.949219, 23.884766, 22.865234, 21.886719]
Prices: [1.0, 2.992016, 5.969124, 9.919518, 14.827626, 20.67422, 27.436573, 35.088715, 43.601482, 52.942978, 63.078487, 73.97128, 85.582085, 97.87037, 110.793724, 124.30856, 138.37051, 152.93478, 167.9554, 183.38745, 199.18504, 215.30374, 231.69827, 248.32622, 265.14554, 282.11252, 299.19064, 316.33838, 333.52142, 350.70148, 367.84946, 384.92865, 401.9148, 418.77582, 435.4886, 452.0296, 468.37292, 484.50308, 500.39786, 516.04236, 531.4233, 546.52277, 561.33624, 575.8458, 590.0552, 603.9449, 617.5071, 630.75085, 643.6644, 656.2482, 668.49493, 680.4197, 691.99994, 703.2505, 714.1867, 724.78094, 735.05896, 745.0252, 754.6768, 764.00586, 773.0382, 781.77374, 790.2331, 798.37897, 806.26843, 813.85626, 821.199, 828.2584, 835.106, 841.669, 847.99146, 854.08936, 859.99084, 865.6307, 871.07166, 876.31116, 881.3347, 886.20636, 890.8475, 895.33374, 899.62054, 903.75183, 907.7229, 911.5522, 915.2136, 918.6901, 922.05426, 925.2988, 928.4705, 931.42285, 934.25555, 936.9842, 939.61456, 942.1732, 944.55817, 946.8576, 949.1058, 951.19604, 953.3175, 955.2105]
Qtys: [-499.0, -166.4443, -83.18063, -49.85527, -33.18712, -23.660522, -17.705627, -13.735352, -10.956032, -8.934685, -7.418709, -6.2526245, -5.336502, -4.603691, -4.008377, -3.5182266, -3.109871, -2.7661018, -2.473999, -2.2237434, -2.0077171, -1.8199806, -1.6558189, -1.5114632, -1.383873, -1.2705688, -1.1695061, -1.0790062, -0.9976578, -0.9242859, -0.8578949, -0.79764175, -0.74280167, -0.69276047, -0.6469879, -0.6050186, -0.56645775, -0.53095436, -0.4982071, -0.4679432, -0.43993187, -0.4139595, -0.389843, -0.36741638, -0.34653473, -0.32706833, -0.30889702, -0.291914, -0.27602577, -0.26114655, -0.24720001, -0.23410988, -0.22182083, -0.21026802, -0.19940186, -0.18917084, -0.17953491, -0.1704483, -0.16187859, -0.15378952, -0.14614868, -0.13892937, -0.13210106, -0.12564278, -0.119529724, -0.11374283, -0.1082592, -0.10306358, -0.098134995, -0.09346199, -0.08902931, -0.0848217, -0.0808239, -0.07703018, -0.073423386, -0.06999779, -0.066740036, -0.0636425, -0.060697556, -0.05789566, -0.05522728, -0.052690506, -0.050273895, -0.047973633, -0.04578209, -0.04369545, -0.041707993, -0.039813995, -0.038007736, -0.036287308, -0.034646988, -0.03308487, -0.031593323, -0.03017044, -0.028814316, -0.027521133, -0.026287079, -0.025110245, -0.023984909, -0.02291298]
-------------------------- Net Profits 21370.258 --------------------------
------------------------- 2 -------------------------
Parameters Node { alpha: 0.5, x: 999.0, y: 1.0 } against Node { alpha: 0.5, x: 100.0, y: 999.0 }
Profits: [454.00412, 378.34293, 293.11377, 214.51013, 150.52808, 102.54321, 68.45117, 45.076416, 29.418457, 19.087402, 12.337158, 7.95459, 5.1206055, 3.2929688, 2.116211, 1.359375, 0.8730469, 0.5605469, 0.35986328, 0.23095703, 0.14831543, 0.095336914, 0.061157227, 0.03918457, 0.025146484, 0.016235352, 0.010375977, 0.006591797, 0.004272461, 0.0026855469, 0.0018310547, 0.0012207031, 0.0007324219, 0.00048828125, 0.00024414063, 0.00012207031, 0.00012207031, 0.0, 0.0, 0.0, 0.0, 0.0, 0.0, 0.0, 0.0, 0.0, 0.0, 0.0, 0.0, 0.0, 0.0, 0.0, 0.0, 0.0, 0.0, 0.0, 0.0, 0.0, 0.0, 0.0, 0.0, 0.0, 0.0, 0.0, 0.0, 0.0, 0.0, 0.0, 0.0, 0.0, 0.0, 0.0, 0.0, 0.0, 0.0, 0.0, 0.0, 0.0, 0.0, 0.0, 0.0, 0.0, 0.0, 0.0, 0.0, 0.0, 0.0, 0.0, 0.0, 0.0, 0.0, 0.0, 0.0, 0.0, 0.0, 0.0, 0.0, 0.0, 0.0, 0.0]
Prices: [0.9099181, 2.42314, 4.127726, 5.699798, 6.979437, 7.9391356, 8.620985, 9.08845, 9.401604, 9.608283, 9.743179, 9.831067, 9.887567, 9.924032, 9.948211, 9.962872, 9.973157, 9.977186, 9.980534, 9.984169, 9.989722, 9.9968, 9.995012, 9.992218, 9.987879, 9.943925, 10.0, 9.818182, 10.0, 9.777778, 10.0, 10.0, 9.6, 10.666667, 8.0, 8.0, -inf, NaN, NaN, NaN, NaN, NaN, NaN, NaN, NaN, NaN, NaN, NaN, NaN, NaN, NaN, NaN, NaN, NaN, NaN, NaN, NaN, NaN, NaN, NaN, NaN, NaN, NaN, NaN, NaN, NaN, NaN, NaN, NaN, NaN, NaN, NaN, NaN, NaN, NaN, NaN, NaN, NaN, NaN, NaN, NaN, NaN, NaN, NaN, NaN, NaN, NaN, NaN, NaN, NaN, NaN, NaN, NaN, NaN, NaN, NaN, NaN, NaN, NaN, NaN]
Qtys: [-498.9505, -156.13745, -71.010956, -37.63469, -21.567368, -12.916168, -7.9400635, -4.9597473, -3.1290894, -1.986557, -1.2662354, -0.8091278, -0.5178833, -0.33181763, -0.21272278, -0.13644409, -0.08753967, -0.05618286, -0.03605652, -0.023132324, -0.014846802, -0.009536743, -0.0061187744, -0.003921509, -0.0025177002, -0.0016326904, -0.0010375977, -0.0006713867, -0.0004272461, -0.0002746582, -0.00018310547, -0.00012207031, -7.6293945e-5, -4.5776367e-5, -3.0517578e-5, -1.5258789e-5, 0.0, 0.0, 0.0, 0.0, 0.0, 0.0, 0.0, 0.0, 0.0, 0.0, 0.0, 0.0, 0.0, 0.0, 0.0, 0.0, 0.0, 0.0, 0.0, 0.0, 0.0, 0.0, 0.0, 0.0, 0.0, 0.0, 0.0, 0.0, 0.0, 0.0, 0.0, 0.0, 0.0, 0.0, 0.0, 0.0, 0.0, 0.0, 0.0, 0.0, 0.0, 0.0, 0.0, 0.0, 0.0, 0.0, 0.0, 0.0, 0.0, 0.0, 0.0, 0.0, 0.0, 0.0, 0.0, 0.0, 0.0, 0.0, 0.0, 0.0, 0.0, 0.0, 0.0, 0.0]
-------------------------- Net Profits 1789.6951 --------------------------
------------------------- 3 -------------------------
Parameters Node { alpha: 0.5, x: 999.0, y: 1.0 } against Node { alpha: 0.5, x: 200.0, y: 999.0 }
Profits: [416.09717, 297.22913, 189.76196, 112.60541, 63.94098, 35.402466, 19.32788, 10.470947, 5.648926, 3.0407715, 1.6347656, 0.87841797, 0.4716797, 0.2532959, 0.1361084, 0.07299805, 0.03918457, 0.021118164, 0.011230469, 0.0061035156, 0.0031738281, 0.0017089844, 0.0009765625, 0.00048828125, 0.00024414063, 0.00024414063, 0.00012207031, 0.00012207031, 0.0, 0.0, 0.0, 0.0, 0.0, 0.0, 0.0, 0.0, 0.0, 0.0, 0.0, 0.0, 0.0, 0.0, 0.0, 0.0, 0.0, 0.0, 0.0, 0.0, 0.0, 0.0, 0.0, 0.0, 0.0, 0.0, 0.0, 0.0, 0.0, 0.0, 0.0, 0.0, 0.0, 0.0, 0.0, 0.0, 0.0, 0.0, 0.0, 0.0, 0.0, 0.0, 0.0, 0.0, 0.0, 0.0, 0.0, 0.0, 0.0, 0.0, 0.0, 0.0, 0.0, 0.0, 0.0, 0.0, 0.0, 0.0, 0.0, 0.0, 0.0, 0.0, 0.0, 0.0, 0.0, 0.0, 0.0, 0.0, 0.0, 0.0, 0.0, 0.0]
Prices: [0.83402836, 2.0227084, 3.0973797, 3.8689475, 4.3555913, 4.6409683, 4.8017287, 4.8903174, 4.938477, 4.9645, 4.978439, 4.986401, 4.9898305, 4.992481, 4.997199, 4.9885297, 4.996109, 4.99639, 4.972973, 5.0, 4.952381, 4.869565, 4.923077, 5.3333335, 4.0, 8.0, 4.0, 8.0, NaN, NaN, NaN, NaN, NaN, NaN, NaN, NaN, NaN, NaN, NaN, NaN, NaN, NaN, NaN, NaN, NaN, NaN, NaN, NaN, NaN, NaN, NaN, NaN, NaN, NaN, NaN, NaN, NaN, NaN, NaN, NaN, NaN, NaN, NaN, NaN, NaN, NaN, NaN, NaN, NaN, NaN, NaN, NaN, NaN, NaN, NaN, NaN, NaN, NaN, NaN, NaN, NaN, NaN, NaN, NaN, NaN, NaN, NaN, NaN, NaN, NaN, NaN, NaN, NaN, NaN, NaN, NaN, NaN, NaN, NaN, NaN]
Qtys: [-498.9005, -146.9461, -61.26532, -29.10492, -14.680206, -7.62825, -4.0251923, -2.141159, -1.1438599, -0.61250305, -0.32836914, -0.17616272, -0.0945282, -0.050735474, -0.027236938, -0.014633179, -0.007843018, -0.0042266846, -0.0022583008, -0.0012207031, -0.00064086914, -0.00035095215, -0.00019836426, -9.1552734e-5, -6.1035156e-5, -3.0517578e-5, -3.0517578e-5, -1.5258789e-5, 0.0, 0.0, 0.0, 0.0, 0.0, 0.0, 0.0, 0.0, 0.0, 0.0, 0.0, 0.0, 0.0, 0.0, 0.0, 0.0, 0.0, 0.0, 0.0, 0.0, 0.0, 0.0, 0.0, 0.0, 0.0, 0.0, 0.0, 0.0, 0.0, 0.0, 0.0, 0.0, 0.0, 0.0, 0.0, 0.0, 0.0, 0.0, 0.0, 0.0, 0.0, 0.0, 0.0, 0.0, 0.0, 0.0, 0.0, 0.0, 0.0, 0.0, 0.0, 0.0, 0.0, 0.0, 0.0, 0.0, 0.0, 0.0, 0.0, 0.0, 0.0, 0.0, 0.0, 0.0, 0.0, 0.0, 0.0, 0.0, 0.0, 0.0, 0.0, 0.0]
-------------------------- Net Profits 1157.0576 --------------------------
------------------------- 4 -------------------------
Parameters Node { alpha: 0.5, x: 999.0, y: 1.0 } against Node { alpha: 0.5, x: 300.0, y: 999.0 }
Profits: [384.02658, 240.04349, 131.1593, 66.43829, 32.36444, 15.465576, 7.3223877, 3.4517822, 1.6237793, 0.76312256, 0.35845947, 0.168396, 0.07897949, 0.03717041, 0.017456055, 0.008178711, 0.00390625, 0.0017700195, 0.0008544922, 0.0004272461, 0.00024414063, 0.00012207031, 0.0, 0.0, 0.0, 0.0, 0.0, 0.0, 0.0, 0.0, 0.0, 0.0, 0.0, 0.0, 0.0, 0.0, 0.0, 0.0, 0.0, 0.0, 0.0, 0.0, 0.0, 0.0, 0.0, 0.0, 0.0, 0.0, 0.0, 0.0, 0.0, 0.0, 0.0, 0.0, 0.0, 0.0, 0.0, 0.0, 0.0, 0.0, 0.0, 0.0, 0.0, 0.0, 0.0, 0.0, 0.0, 0.0, 0.0, 0.0, 0.0, 0.0, 0.0, 0.0, 0.0, 0.0, 0.0, 0.0, 0.0, 0.0, 0.0, 0.0, 0.0, 0.0, 0.0, 0.0, 0.0, 0.0, 0.0, 0.0, 0.0, 0.0, 0.0, 0.0, 0.0, 0.0, 0.0, 0.0, 0.0, 0.0]
Prices: [0.76982296, 1.7297099, 2.4556057, 2.8870776, 3.1142428, 3.226886, 3.2811859, 3.307058, 3.3192763, 3.3248239, 3.3274786, 3.3281062, 3.3307593, 3.3369863, 3.3255813, 3.35, 3.368421, 3.4117646, 3.5, 3.5, 4.0, 4.0, NaN, NaN, NaN, NaN, NaN, NaN, NaN, NaN, NaN, NaN, NaN, NaN, NaN, NaN, NaN, NaN, NaN, NaN, NaN, NaN, NaN, NaN, NaN, NaN, NaN, NaN, NaN, NaN, NaN, NaN, NaN, NaN, NaN, NaN, NaN, NaN, NaN, NaN, NaN, NaN, NaN, NaN, NaN, NaN, NaN, NaN, NaN, NaN, NaN, NaN, NaN, NaN, NaN, NaN, NaN, NaN, NaN, NaN, NaN, NaN, NaN, NaN, NaN, NaN, NaN, NaN, NaN, NaN, NaN, NaN, NaN, NaN, NaN, NaN, NaN, NaN, NaN, NaN]
Qtys: [-498.85052, -138.77673, -53.4122, -23.012299, -10.392395, -4.7927246, -2.2316284, -1.0437622, -0.48919678, -0.2295227, -0.10772705, -0.050598145, -0.023712158, -0.011138916, -0.0052490234, -0.0024414063, -0.001159668, -0.0005187988, -0.00024414063, -0.00012207031, -6.1035156e-5, -3.0517578e-5, 0.0, 0.0, 0.0, 0.0, 0.0, 0.0, 0.0, 0.0, 0.0, 0.0, 0.0, 0.0, 0.0, 0.0, 0.0, 0.0, 0.0, 0.0, 0.0, 0.0, 0.0, 0.0, 0.0, 0.0, 0.0, 0.0, 0.0, 0.0, 0.0, 0.0, 0.0, 0.0, 0.0, 0.0, 0.0, 0.0, 0.0, 0.0, 0.0, 0.0, 0.0, 0.0, 0.0, 0.0, 0.0, 0.0, 0.0, 0.0, 0.0, 0.0, 0.0, 0.0, 0.0, 0.0, 0.0, 0.0, 0.0, 0.0, 0.0, 0.0, 0.0, 0.0, 0.0, 0.0, 0.0, 0.0, 0.0, 0.0, 0.0, 0.0, 0.0, 0.0, 0.0, 0.0, 0.0, 0.0, 0.0, 0.0]
-------------------------- Net Profits 883.3347 --------------------------
------------------------- 5 -------------------------
Parameters Node { alpha: 0.5, x: 999.0, y: 1.0 } against Node { alpha: 0.5, x: 400.0, y: 999.0 }
Profits: [356.54074, 198.11331, 95.027466, 42.36194, 18.265625, 7.76239, 3.2784424, 1.3810425, 0.5811157, 0.24438477, 0.10272217, 0.04321289, 0.018188477, 0.0076904297, 0.0031738281, 0.0013427734, 0.0005493164, 0.00030517578, 0.00012207031, 0.0, 0.0, 0.0, 0.0, 0.0, 0.0, 0.0, 0.0, 0.0, 0.0, 0.0, 0.0, 0.0, 0.0, 0.0, 0.0, 0.0, 0.0, 0.0, 0.0, 0.0, 0.0, 0.0, 0.0, 0.0, 0.0, 0.0, 0.0, 0.0, 0.0, 0.0, 0.0, 0.0, 0.0, 0.0, 0.0, 0.0, 0.0, 0.0, 0.0, 0.0, 0.0, 0.0, 0.0, 0.0, 0.0, 0.0, 0.0, 0.0, 0.0, 0.0, 0.0, 0.0, 0.0, 0.0, 0.0, 0.0, 0.0, 0.0, 0.0, 0.0, 0.0, 0.0, 0.0, 0.0, 0.0, 0.0, 0.0, 0.0, 0.0, 0.0, 0.0, 0.0, 0.0, 0.0, 0.0, 0.0, 0.0, 0.0, 0.0, 0.0]
Prices: [0.7147963, 1.5069333, 2.0223613, 2.285687, 2.4061718, 2.4586818, 2.4811308, 2.490589, 2.494694, 2.4962595, 2.4970326, 2.4973545, 2.4937239, 2.4950495, 2.4761906, 2.4444444, 2.5714285, 2.5, 4.0, NaN, NaN, NaN, NaN, NaN, NaN, NaN, NaN, NaN, NaN, NaN, NaN, NaN, NaN, NaN, NaN, NaN, NaN, NaN, NaN, NaN, NaN, NaN, NaN, NaN, NaN, NaN, NaN, NaN, NaN, NaN, NaN, NaN, NaN, NaN, NaN, NaN, NaN, NaN, NaN, NaN, NaN, NaN, NaN, NaN, NaN, NaN, NaN, NaN, NaN, NaN, NaN, NaN, NaN, NaN, NaN, NaN, NaN, NaN, NaN, NaN, NaN, NaN, NaN, NaN, NaN, NaN, NaN, NaN, NaN, NaN, NaN, NaN, NaN, NaN, NaN, NaN, NaN, NaN, NaN, NaN]
Qtys: [-498.80048, -131.46786, -46.988373, -18.53357, -7.591156, -3.157135, -1.3213501, -0.5545044, -0.23294067, -0.09790039, -0.041137695, -0.017303467, -0.007293701, -0.0030822754, -0.0012817383, -0.0005493164, -0.00021362305, -0.00012207031, -3.0517578e-5, 0.0, 0.0, 0.0, 0.0, 0.0, 0.0, 0.0, 0.0, 0.0, 0.0, 0.0, 0.0, 0.0, 0.0, 0.0, 0.0, 0.0, 0.0, 0.0, 0.0, 0.0, 0.0, 0.0, 0.0, 0.0, 0.0, 0.0, 0.0, 0.0, 0.0, 0.0, 0.0, 0.0, 0.0, 0.0, 0.0, 0.0, 0.0, 0.0, 0.0, 0.0, 0.0, 0.0, 0.0, 0.0, 0.0, 0.0, 0.0, 0.0, 0.0, 0.0, 0.0, 0.0, 0.0, 0.0, 0.0, 0.0, 0.0, 0.0, 0.0, 0.0, 0.0, 0.0, 0.0, 0.0, 0.0, 0.0, 0.0, 0.0, 0.0, 0.0, 0.0, 0.0, 0.0, 0.0, 0.0, 0.0, 0.0, 0.0, 0.0, 0.0]
-------------------------- Net Profits 723.73376 --------------------------
------------------------- 6 -------------------------
Parameters Node { alpha: 0.5, x: 999.0, y: 1.0 } against Node { alpha: 0.5, x: 500.0, y: 999.0 }
Profits: [332.72214, 166.40256, 71.35443, 28.560303, 11.114258, 4.277588, 1.6392822, 0.6272583, 0.23980713, 0.091674805, 0.03503418, 0.013427734, 0.005126953, 0.001953125, 0.0007324219, 0.00024414063, 0.00012207031, 0.0, 0.0, 0.0]
Prices: [0.6671114, 1.3323896, 1.712582, 1.8837577, 1.9535472, 1.9808651, 1.9913992, 1.995534, 1.9969504, 1.9973404, 1.9965217, 2.0, 2.0, 2.0, 1.8461539, 1.6, 2.0, 0.0, 0.0, NaN]
Qtys: [-498.7505, -124.89032, -41.664825, -15.161346, -5.68927, -2.1594543, -0.82318115, -0.31433105, -0.12008667, -0.045898438, -0.017547607, -0.006713867, -0.0025634766, -0.0009765625, -0.00039672852, -0.00015258789, -6.1035156e-5, -3.0517578e-5, -3.0517578e-5, 0.0]
-------------------------- Net Profits 617.08594 --------------------------
------------------------- 7 -------------------------
Parameters Node { alpha: 0.5, x: 999.0, y: 1.0 } against Node { alpha: 0.5, x: 600.0, y: 999.0 }
Profits: [311.88275, 141.81119, 55.108307, 20.087646, 7.1500244, 2.5233154, 0.8878174, 0.31201172, 0.10961914, 0.03857422, 0.013549805, 0.004760742, 0.0016479492, 0.0005493164, 0.00024414063, 6.1035156e-5, 6.1035156e-5, 0.0]
Prices: [0.6253909, 1.192296, 1.4813048, 1.5980383, 1.6411715, 1.6565956, 1.6620201, 1.6640625, 1.6645042, 1.6653491, 1.6691729, 1.6774193, 1.6875, 1.6363636, 2.0, 2.0, 2.0, NaN]
Qtys: [-498.7005, -118.939575, -37.202545, -12.57019, -4.356659, -1.5231934, -0.5341797, -0.1875, -0.06585693, -0.023162842, -0.008117676, -0.0028381348, -0.0009765625, -0.00033569336, -0.00012207031, -3.0517578e-5, -3.0517578e-5, 0.0]
-------------------------- Net Profits 539.9321 --------------------------
------------------------- 8 -------------------------
Parameters Node { alpha: 0.5, x: 999.0, y: 1.0 } against Node { alpha: 0.5, x: 700.0, y: 999.0 }
Profits: [293.49646, 122.34006, 43.54309, 14.607941, 4.8025513, 1.5683594, 0.51104736, 0.16641235, 0.0541687, 0.01763916, 0.0057373047, 0.0018920898, 0.00061035156, 0.00021362305, 3.0517578e-5, 3.0517578e-5, 0.0, 0.0, 0.0, 0.0, 0.0, 0.0, 0.0, 0.0, 0.0, 0.0, 0.0, 0.0, 0.0, 0.0, 0.0, 0.0, 0.0, 0.0, 0.0, 0.0, 0.0, 0.0, 0.0, 0.0, 0.0, 0.0, 0.0, 0.0, 0.0, 0.0, 0.0, 0.0, 0.0, 0.0, 0.0, 0.0, 0.0, 0.0, 0.0, 0.0, 0.0, 0.0, 0.0, 0.0, 0.0, 0.0, 0.0, 0.0, 0.0, 0.0, 0.0, 0.0, 0.0, 0.0, 0.0, 0.0, 0.0, 0.0, 0.0, 0.0, 0.0, 0.0, 0.0, 0.0, 0.0, 0.0, 0.0, 0.0, 0.0, 0.0, 0.0, 0.0, 0.0, 0.0, 0.0, 0.0, 0.0, 0.0, 0.0, 0.0, 0.0, 0.0, 0.0, 0.0]
Prices: [0.5885815, 1.0775996, 1.3027345, 1.385406, 1.413431, 1.4226553, 1.4256768, 1.4267399, 1.4268489, 1.4271605, 1.4351145, 1.4418604, 1.4285715, 1.4, 1.0, 1.0, NaN, NaN, NaN, NaN, NaN, NaN, NaN, NaN, NaN, NaN, NaN, NaN, NaN, NaN, NaN, NaN, NaN, NaN, NaN, NaN, NaN, NaN, NaN, NaN, NaN, NaN, NaN, NaN, NaN, NaN, NaN, NaN, NaN, NaN, NaN, NaN, NaN, NaN, NaN, NaN, NaN, NaN, NaN, NaN, NaN, NaN, NaN, NaN, NaN, NaN, NaN, NaN, NaN, NaN, NaN, NaN, NaN, NaN, NaN, NaN, NaN, NaN, NaN, NaN, NaN, NaN, NaN, NaN, NaN, NaN, NaN, NaN, NaN, NaN, NaN, NaN, NaN, NaN, NaN, NaN, NaN, NaN, NaN, NaN]
Qtys: [-498.6505, -113.53015, -33.424377, -10.544159, -3.3977966, -1.102417, -0.35845947, -0.11663818, -0.037963867, -0.012359619, -0.0039978027, -0.0013122559, -0.0004272461, -0.00015258789, -3.0517578e-5, -3.0517578e-5, 0.0, 0.0, 0.0, 0.0, 0.0, 0.0, 0.0, 0.0, 0.0, 0.0, 0.0, 0.0, 0.0, 0.0, 0.0, 0.0, 0.0, 0.0, 0.0, 0.0, 0.0, 0.0, 0.0, 0.0, 0.0, 0.0, 0.0, 0.0, 0.0, 0.0, 0.0, 0.0, 0.0, 0.0, 0.0, 0.0, 0.0, 0.0, 0.0, 0.0, 0.0, 0.0, 0.0, 0.0, 0.0, 0.0, 0.0, 0.0, 0.0, 0.0, 0.0, 0.0, 0.0, 0.0, 0.0, 0.0, 0.0, 0.0, 0.0, 0.0, 0.0, 0.0, 0.0, 0.0, 0.0, 0.0, 0.0, 0.0, 0.0, 0.0, 0.0, 0.0, 0.0, 0.0, 0.0, 0.0, 0.0, 0.0, 0.0, 0.0, 0.0, 0.0, 0.0, 0.0]
-------------------------- Net Profits 481.11624 --------------------------
------------------------- 9 -------------------------
Parameters Node { alpha: 0.5, x: 999.0, y: 1.0 } against Node { alpha: 0.5, x: 800.0, y: 999.0 }
Profits: [277.15427, 106.65018, 35.06134, 10.914673, 3.3394775, 1.0163269, 0.30880737, 0.093811035, 0.0284729, 0.008666992, 0.0025939941, 0.00079345703, 0.00024414063, 9.1552734e-5, 3.0517578e-5, 3.0517578e-5, 3.0517578e-5, 0.0, 0.0, 0.0, 0.0, 0.0, 0.0, 0.0, 0.0, 0.0, 0.0, 0.0, 0.0, 0.0, 0.0, 0.0, 0.0, 0.0, 0.0, 0.0, 0.0, 0.0, 0.0, 0.0, 0.0, 0.0, 0.0, 0.0, 0.0, 0.0, 0.0, 0.0, 0.0, 0.0, 0.0, 0.0, 0.0, 0.0, 0.0, 0.0, 0.0, 0.0, 0.0, 0.0, 0.0, 0.0, 0.0, 0.0, 0.0, 0.0, 0.0, 0.0, 0.0, 0.0, 0.0, 0.0, 0.0, 0.0, 0.0, 0.0, 0.0, 0.0, 0.0, 0.0, 0.0, 0.0, 0.0, 0.0, 0.0, 0.0, 0.0, 0.0, 0.0, 0.0, 0.0, 0.0, 0.0, 0.0, 0.0, 0.0, 0.0, 0.0, 0.0, 0.0]
Prices: [0.5558644, 0.98212445, 1.1610966, 1.221464, 1.240399, 1.2462299, 1.2480266, 1.2485784, 1.248996, 1.2511014, 1.25, 1.2380953, 1.3333334, 1.5, -inf, 1.0, -inf, NaN, NaN, NaN, NaN, NaN, NaN, NaN, NaN, NaN, NaN, NaN, NaN, NaN, NaN, NaN, NaN, NaN, NaN, NaN, NaN, NaN, NaN, NaN, NaN, NaN, NaN, NaN, NaN, NaN, NaN, NaN, NaN, NaN, NaN, NaN, NaN, NaN, NaN, NaN, NaN, NaN, NaN, NaN, NaN, NaN, NaN, NaN, NaN, NaN, NaN, NaN, NaN, NaN, NaN, NaN, NaN, NaN, NaN, NaN, NaN, NaN, NaN, NaN, NaN, NaN, NaN, NaN, NaN, NaN, NaN, NaN, NaN, NaN, NaN, NaN, NaN, NaN, NaN, NaN, NaN, NaN, NaN, NaN]
Qtys: [-498.6005, -108.59131, -30.196747, -8.93573, -2.6922607, -0.81552124, -0.24743652, -0.07513428, -0.02279663, -0.0069274902, -0.0020751953, -0.00064086914, -0.00018310547, -6.1035156e-5, 0.0, -3.0517578e-5, 0.0, 0.0, 0.0, 0.0, 0.0, 0.0, 0.0, 0.0, 0.0, 0.0, 0.0, 0.0, 0.0, 0.0, 0.0, 0.0, 0.0, 0.0, 0.0, 0.0, 0.0, 0.0, 0.0, 0.0, 0.0, 0.0, 0.0, 0.0, 0.0, 0.0, 0.0, 0.0, 0.0, 0.0, 0.0, 0.0, 0.0, 0.0, 0.0, 0.0, 0.0, 0.0, 0.0, 0.0, 0.0, 0.0, 0.0, 0.0, 0.0, 0.0, 0.0, 0.0, 0.0, 0.0, 0.0, 0.0, 0.0, 0.0, 0.0, 0.0, 0.0, 0.0, 0.0, 0.0, 0.0, 0.0, 0.0, 0.0, 0.0, 0.0, 0.0, 0.0, 0.0, 0.0, 0.0, 0.0, 0.0, 0.0, 0.0, 0.0, 0.0, 0.0, 0.0, 0.0]
-------------------------- Net Profits 434.57983 --------------------------
------------------------- 10 -------------------------
Parameters Node { alpha: 0.5, x: 999.0, y: 1.0 } against Node { alpha: 0.5, x: 900.0, y: 999.0 }
Profits: [262.5332, 93.81598, 28.685364, 8.340637, 2.3893127, 0.68151855, 0.19418335, 0.055267334, 0.01574707, 0.004486084, 0.0012817383, 0.00036621094, 6.1035156e-5, 6.1035156e-5, 0.0, 0.0, 0.0, 0.0, 0.0, 0.0, 0.0, 0.0, 0.0, 0.0, 0.0, 0.0, 0.0, 0.0, 0.0, 0.0, 0.0, 0.0, 0.0, 0.0, 0.0, 0.0, 0.0, 0.0, 0.0, 0.0, 0.0, 0.0, 0.0, 0.0, 0.0, 0.0, 0.0, 0.0, 0.0, 0.0, 0.0, 0.0, 0.0, 0.0, 0.0, 0.0, 0.0, 0.0, 0.0, 0.0, 0.0, 0.0, 0.0, 0.0, 0.0, 0.0, 0.0, 0.0, 0.0, 0.0, 0.0, 0.0, 0.0, 0.0, 0.0, 0.0, 0.0, 0.0, 0.0, 0.0, 0.0, 0.0, 0.0, 0.0, 0.0, 0.0, 0.0, 0.0, 0.0, 0.0, 0.0, 0.0, 0.0, 0.0, 0.0, 0.0, 0.0, 0.0, 0.0, 0.0]
Prices: [0.52659297, 0.90151983, 1.0462552, 1.0914689, 1.1046944, 1.1085079, 1.1096965, 1.1096814, 1.1096774, 1.1052631, 1.1052631, 1.0909091, 1.0, 1.0, NaN, NaN, NaN, NaN, NaN, NaN, NaN, NaN, NaN, NaN, NaN, NaN, NaN, NaN, NaN, NaN, NaN, NaN, NaN, NaN, NaN, NaN, NaN, NaN, NaN, NaN, NaN, NaN, NaN, NaN, NaN, NaN, NaN, NaN, NaN, NaN, NaN, NaN, NaN, NaN, NaN, NaN, NaN, NaN, NaN, NaN, NaN, NaN, NaN, NaN, NaN, NaN, NaN, NaN, NaN, NaN, NaN, NaN, NaN, NaN, NaN, NaN, NaN, NaN, NaN, NaN, NaN, NaN, NaN, NaN, NaN, NaN, NaN, NaN, NaN, NaN, NaN, NaN, NaN, NaN, NaN, NaN, NaN, NaN, NaN, NaN]
Qtys: [-498.55054, -104.06424, -27.417175, -7.6416626, -2.1628723, -0.6148071, -0.1749878, -0.049804688, -0.014190674, -0.004058838, -0.001159668, -0.00033569336, -6.1035156e-5, -6.1035156e-5, 0.0, 0.0, 0.0, 0.0, 0.0, 0.0, 0.0, 0.0, 0.0, 0.0, 0.0, 0.0, 0.0, 0.0, 0.0, 0.0, 0.0, 0.0, 0.0, 0.0, 0.0, 0.0, 0.0, 0.0, 0.0, 0.0, 0.0, 0.0, 0.0, 0.0, 0.0, 0.0, 0.0, 0.0, 0.0, 0.0, 0.0, 0.0, 0.0, 0.0, 0.0, 0.0, 0.0, 0.0, 0.0, 0.0, 0.0, 0.0, 0.0, 0.0, 0.0, 0.0, 0.0, 0.0, 0.0, 0.0, 0.0, 0.0, 0.0, 0.0, 0.0, 0.0, 0.0, 0.0, 0.0, 0.0, 0.0, 0.0, 0.0, 0.0, 0.0, 0.0, 0.0, 0.0, 0.0, 0.0, 0.0, 0.0, 0.0, 0.0, 0.0, 0.0, 0.0, 0.0, 0.0, 0.0]
-------------------------- Net Profits 396.71747 --------------------------
------------------------- 11 -------------------------
Parameters Node { alpha: 0.5, x: 999.0, y: 1.0 } against Node { alpha: 0.5, x: 1000.0, y: 999.0 }
Profits: [249.37492, 83.18034, 23.79126, 6.496002, 1.7509155, 0.4703369, 0.1262207, 0.033843994, 0.009094238, 0.0024108887, 0.0006713867, 0.00018310547, 6.1035156e-5, 0.0, 0.0, 0.0, 0.0, 0.0, 0.0, 0.0, 0.0, 0.0, 0.0, 0.0, 0.0, 0.0, 0.0, 0.0, 0.0, 0.0, 0.0, 0.0, 0.0, 0.0, 0.0, 0.0, 0.0, 0.0, 0.0, 0.0, 0.0, 0.0, 0.0, 0.0, 0.0, 0.0, 0.0, 0.0, 0.0, 0.0, 0.0, 0.0, 0.0, 0.0, 0.0, 0.0, 0.0, 0.0, 0.0, 0.0, 0.0, 0.0, 0.0, 0.0, 0.0, 0.0, 0.0, 0.0, 0.0, 0.0, 0.0, 0.0, 0.0, 0.0, 0.0, 0.0, 0.0, 0.0, 0.0, 0.0, 0.0, 0.0, 0.0, 0.0, 0.0, 0.0, 0.0, 0.0, 0.0, 0.0, 0.0, 0.0, 0.0, 0.0, 0.0, 0.0, 0.0, 0.0, 0.0, 0.0]
Prices: [0.5002501, 0.83263946, 0.9514181, 0.98600626, 0.99548876, 0.99812186, 0.9987926, 0.9990991, 1.0, 0.9875, 1.0, 1.0, 1.0, 0.0, NaN, NaN, NaN, NaN, NaN, NaN, NaN, NaN, NaN, NaN, NaN, NaN, NaN, NaN, NaN, NaN, NaN, NaN, NaN, NaN, NaN, NaN, NaN, NaN, NaN, NaN, NaN, NaN, NaN, NaN, NaN, NaN, NaN, NaN, NaN, NaN, NaN, NaN, NaN, NaN, NaN, NaN, NaN, NaN, NaN, NaN, NaN, NaN, NaN, NaN, NaN, NaN, NaN, NaN, NaN, NaN, NaN, NaN, NaN, NaN, NaN, NaN, NaN, NaN, NaN, NaN, NaN, NaN, NaN, NaN, NaN, NaN, NaN, NaN, NaN, NaN, NaN, NaN, NaN, NaN, NaN, NaN, NaN, NaN, NaN, NaN]
Qtys: [-498.5005, -99.8996, -25.006104, -6.588196, -1.7588501, -0.47122192, -0.12637329, -0.03387451, -0.009094238, -0.0024414063, -0.0006713867, -0.00018310547, -6.1035156e-5, -3.0517578e-5, 0.0, 0.0, 0.0, 0.0, 0.0, 0.0, 0.0, 0.0, 0.0, 0.0, 0.0, 0.0, 0.0, 0.0, 0.0, 0.0, 0.0, 0.0, 0.0, 0.0, 0.0, 0.0, 0.0, 0.0, 0.0, 0.0, 0.0, 0.0, 0.0, 0.0, 0.0, 0.0, 0.0, 0.0, 0.0, 0.0, 0.0, 0.0, 0.0, 0.0, 0.0, 0.0, 0.0, 0.0, 0.0, 0.0, 0.0, 0.0, 0.0, 0.0, 0.0, 0.0, 0.0, 0.0, 0.0, 0.0, 0.0, 0.0, 0.0, 0.0, 0.0, 0.0, 0.0, 0.0, 0.0, 0.0, 0.0, 0.0, 0.0, 0.0, 0.0, 0.0, 0.0, 0.0, 0.0, 0.0, 0.0, 0.0, 0.0, 0.0, 0.0, 0.0, 0.0, 0.0, 0.0, 0.0]
-------------------------- Net Profits 365.23627 --------------------------
